1761681961200 0.3897058963775635 0
1761681961513 0.36764705181121826 1
1761681961779 0.39423078298568726 2
1761681962087 0.3874434530735016 3
1761681962412 0.4083710312843323 4
1761681962739 0.3959276080131531 5
1761681963195 0.39819005131721497 6
1761681963598 0.3851810097694397 7
1761681963955 0.39875566959381104 8
1761681964229 0.40045249462127686 9
1761681964500 0.4162895977497101 10
1761681964808 0.3834841549396515 11
1761681965127 0.36764705181121826 12
1761681965455 0.395361989736557 13
1761681965820 0.37217193841934204 14
1761681966232 0.37217193841934204 15
1761681966559 0.3998868763446808 16
1761681966840 0.3891402781009674 17
1761681967155 0.3693438768386841 18
1761681967537 0.39479637145996094 19
1761681967930 0.38404977321624756 20
1761681968285 0.38631221652030945 21
1761681968560 0.38178732991218567 22
1761681968839 0.3970588147640228 23
1761681969123 0.38631221652030945 24
1761681969423 0.3727375566959381 25
1761681969728 0.39027148485183716 26
1761681969986 0.42081448435783386 27
1761681970262 0.41459277272224426 28
1761681970578 0.38235294818878174 29
1761681970842 0.3970588147640228 30
1761681971130 0.3930995464324951 31
1761681971428 0.37386876344680786 32
1761681971743 0.38009050488471985 33
1761681972036 0.39479637145996094 34
1761681972361 0.3930995464324951 35
1761681972679 0.3897058963775635 36
1761681972988 0.38235294818878174 37
1761681973301 0.39253392815589905 38
1761681973570 0.3874434530735016 39
1761681973866 0.39027148485183716 40
1761681974173 0.37839367985725403 41
1761681974458 0.3834841549396515 42
1761681974744 0.39253392815589905 43
1761681975034 0.37443438172340393 44
1761681975354 0.4021493196487427 45
1761681975648 0.3642534017562866 46
1761681975930 0.37782806158065796 47
1761681976246 0.3670814335346222 48
1761681976607 0.4032805562019348 49
1761681976948 0.3812217116355896 50
1761681977291 0.3812217116355896 51
1761681977654 0.38800904154777527 52
1761681977976 0.39196833968162537 53
1761681978313 0.3868778347969055 54
1761681978694 0.3908371031284332 55
1761681979072 0.39027148485183716 56
1761681979417 0.3812217116355896 57
1761681979770 0.39253392815589905 58
1761681980107 0.39196833968162537 59
1761681980449 0.3908371031284332 60
1761681980771 0.3772624433040619 61
1761681981106 0.3914027214050293 62
1761681981462 0.3789592683315277 63
1761681981866 0.3569004535675049 64
1761681982253 0.3834841549396515 65
1761681982593 0.41063347458839417 66
1761681982960 0.38800904154777527 67
1761681983266 0.37613123655319214 68
1761681983569 0.37160632014274597 69
1761681983936 0.4162895977497101 70
1761681984266 0.4179864227771759 71
1761681984636 0.4654977321624756 72
1761681984998 0.46040722727775574 73
1761681985320 0.4451357424259186 74
1761681985657 0.4202488660812378 75
1761681985952 0.43382352590560913 76
1761681986321 0.41742080450057983 77
1761681986641 0.43778279423713684 78
1761681986983 0.4711538553237915 79
1761681987311 0.43495476245880127 80
1761681987631 0.43156108260154724 81
1761681987955 0.4366515874862671 82
1761681988272 0.4287330210208893 83
1761681988606 0.4264705777168274 84
1761681988918 0.4423076808452606 85
1761681989282 0.44400453567504883 86
1761681989632 0.4451357424259186 87
1761681990003 0.438914030790329 88
1761681990360 0.44117647409439087 89
1761681990673 0.42760181427001953 90
1761681991033 0.43778279423713684 91
1761681991393 0.4225113093852997 92
1761681991745 0.438914030790329 93
1761681992104 0.43156108260154724 94
1761681992443 0.42760181427001953 95
1761681992763 0.4485294222831726 96
1761681993068 0.43778279423713684 97
1761681993385 0.4321267008781433 98
1761681993694 0.44174209237098694 99
