1761681961200 9448722966511616.0 0
1761681961513 2089660503293952.0 1
1761681961779 2148408542363648.0 2
1761681962087 1290438493339648.0 3
1761681962412 2364160453115904.0 4
1761681962739 1430260214136832.0 5
1761681963195 1215047321780224.0 6
1761681963598 1149618997952512.0 7
1761681963955 781492116520960.0 8
1761681964229 1802172303933440.0 9
1761681964500 1446390232252416.0 10
1761681964808 1180937496821760.0 11
1761681965127 1065491930021888.0 12
1761681965455 993294871953408.0 13
1761681965820 555135864406016.0 14
1761681966232 523602919161856.0 15
1761681966559 730563937828864.0 16
1761681966840 401695037194240.0 17
1761681967155 334949769019392.0 18
1761681967537 530225725177856.0 19
1761681967930 700233616982016.0 20
1761681968285 197253771821056.0 21
1761681968560 299651244752896.0 22
1761681968839 274880507412480.0 23
1761681969123 345264065871872.0 24
1761681969423 325379541696512.0 25
1761681969728 182485325447168.0 26
1761681969986 300438096183296.0 27
1761681970262 185132870795264.0 28
1761681970578 248800207699968.0 29
1761681970842 196749113163776.0 30
1761681971130 153518807711744.0 31
1761681971428 142702821769216.0 32
1761681971743 180415419645952.0 33
1761681972036 185649609048064.0 34
1761681972361 137848988631040.0 35
1761681972679 159477252751360.0 36
1761681972988 197235434323968.0 37
1761681973301 119747261759488.0 38
1761681973570 58391972020224.0 39
1761681973866 72156331376640.0 40
1761681974173 71087027126272.0 41
1761681974458 72868977180672.0 42
1761681974744 61652372291584.0 43
1761681975034 38392364531712.0 44
1761681975354 34787890823168.0 45
1761681975648 34505503014912.0 46
1761681975930 23040326893568.0 47
1761681976246 28219591884800.0 48
1761681976607 23051047534592.0 49
1761681976948 17146775076864.0 50
1761681977291 13798374113280.0 51
1761681977654 14588615589888.0 52
1761681977976 15408180494336.0 53
1761681978313 22431062294528.0 54
1761681978694 41797636063232.0 55
1761681979072 27393204944896.0 56
1761681979417 29824280166400.0 57
1761681979770 12770957328384.0 58
1761681980107 32319133974528.0 59
1761681980449 10550650077184.0 60
1761681980771 14960174301184.0 61
1761681981106 6471146274816.0 62
1761681981462 3226384728064.0 63
1761681981866 126543116369920.0 64
1761681982253 87485245816832.0 65
1761681982593 30000837296128.0 66
1761681982960 20192249774080.0 67
1761681983266 8594663669760.0 68
1761681983569 3527069663232.0 69
1761681983936 3462709641216.0 70
1761681984266 9983365218304.0 71
1761681984636 664868618240.0 72
1761681984998 113173864448.0 73
1761681985320 80245710848.0 74
1761681985657 3461036032.0 75
1761681985952 2292230656.0 76
1761681986321 328280834048.0 77
1761681986641 128803479552.0 78
1761681986983 1104533760.0 79
1761681987311 803474240.0 80
1761681987631 752930048.0 81
1761681987955 633562368.0 82
1761681988272 503691392.0 83
1761681988606 485918016.0 84
1761681988918 470076928.0 85
1761681989282 382696320.0 86
1761681989632 375852896.0 87
1761681990003 404107360.0 88
1761681990360 370723744.0 89
1761681990673 362300704.0 90
1761681991033 343061536.0 91
1761681991393 367753568.0 92
1761681991745 363450304.0 93
1761681992104 314330592.0 94
1761681992443 280510816.0 95
1761681992763 300414656.0 96
1761681993068 383116832.0 97
1761681993385 274238624.0 98
1761681993694 306376032.0 99
