1761689682990 0.3071267008781433 0
1761689683148 0.36821267008781433 1
1761689683312 0.3235294222831726 2
1761689683454 0.27941176295280457 3
1761689683623 0.3930995464324951 4
1761689683777 0.3484162986278534 5
1761689683946 0.22002261877059937 6
1761689684092 0.4083710312843323 7
1761689684237 0.3733031749725342 8
1761689684383 0.3297511339187622 9
1761689684531 0.33484163880348206 10
1761689684671 0.3048642575740814 11
1761689684804 0.2912895977497101 12
1761689684944 0.3376696705818176 13
1761689685087 0.3569004535675049 14
1761689685231 0.3252262473106384 15
1761689685365 0.3704751133918762 16
1761689685498 0.3461538553237915 17
1761689685627 0.35350677371025085 18
1761689685758 0.34502261877059937 19
1761689685900 0.29411765933036804 20
1761689686044 0.32466062903404236 21
1761689686183 0.3665158450603485 22
1761689686326 0.3274886906147003 23
1761689686464 0.31617647409439087 24
1761689686615 0.3427601754665375 25
1761689686752 0.36764705181121826 26
1761689686893 0.3438914120197296 27
1761689687029 0.31221720576286316 28
1761689687202 0.3484162986278534 29
1761689687389 0.313914030790329 30
1761689687561 0.32692307233810425 31
1761689687733 0.3501131236553192 32
1761689687891 0.31278279423713684 33
1761689688070 0.37556561827659607 34
1761689688214 0.3444570004940033 35
1761689688353 0.354638010263443 36
1761689688491 0.29015836119651794 37
1761689688626 0.3252262473106384 38
1761689688760 0.3529411852359772 39
1761689688899 0.3048642575740814 40
1761689689034 0.3857465982437134 41
1761689689170 0.24547511339187622 42
1761689689299 0.35520362854003906 43
1761689689428 0.3766968250274658 44
1761689689560 0.3376696705818176 45
1761689689692 0.3585972785949707 46
1761689689820 0.33710408210754395 47
1761689689950 0.31674209237098694 48
1761689690080 0.3416289687156677 49
1761689690202 0.3218325674533844 50
1761689690380 0.37386876344680786 51
1761689690509 0.3727375566959381 52
1761689690637 0.24490949511528015 53
1761689690763 0.43495476245880127 54
1761689690896 0.3263574540615082 55
1761689691142 0.32296380400657654 56
1761689691273 0.28167420625686646 57
1761689691400 0.3467194437980652 58
1761689691526 0.3501131236553192 59
1761689691652 0.3478506803512573 60
1761689691779 0.35520362854003906 61
1761689691907 0.3240950107574463 62
1761689692035 0.35180994868278503 63
1761689692169 0.29242080450057983 64
1761689692304 0.4264705777168274 65
1761689692438 0.23868778347969055 66
1761689692568 0.34558823704719543 67
1761689692698 0.3376696705818176 68
1761689692826 0.3274886906147003 69
1761689692950 0.3274886906147003 70
1761689693076 0.2709276080131531 71
1761689693204 0.3976244330406189 72
1761689693330 0.3257918655872345 73
1761689693457 0.2437782734632492 74
1761689693605 0.32466062903404236 75
1761689693737 0.31617647409439087 76
1761689693868 0.3274886906147003 77
1761689694033 0.36821267008781433 78
1761689694169 0.25678732991218567 79
1761689694298 0.36764705181121826 80
1761689694427 0.3540723919868469 81
1761689694559 0.37217193841934204 82
1761689694687 0.26527148485183716 83
1761689694813 0.3240950107574463 84
1761689694939 0.29638010263442993 85
1761689695067 0.37556561827659607 86
1761689695189 0.3569004535675049 87
1761689695309 0.33484163880348206 88
1761689695431 0.3263574540615082 89
1761689695554 0.4304298758506775 90
1761689695684 0.3014705777168274 91
1761689695817 0.2850678861141205 92
1761689695949 0.2828054428100586 93
1761689696085 0.32296380400657654 94
1761689696218 0.29581448435783386 95
1761689696356 0.3704751133918762 96
1761689696495 0.2822398245334625 97
1761689696652 0.3048642575740814 98
1761689696827 0.31052035093307495 99
