1761689682990 4.870542305787904e+16 0
1761689683148 2.794038575811789e+16 1
1761689683312 1.6285653771747328e+16 2
1761689683454 1.5245419135107072e+16 3
1761689683623 1.0925900732301312e+16 4
1761689683777 1.0614777596346368e+16 5
1761689683946 1.0399686707904512e+16 6
1761689684092 1.109687479042048e+16 7
1761689684237 8102099858489344.0 8
1761689684383 1.0293948908044288e+16 9
1761689684531 5169307210219520.0 10
1761689684671 4951388085813248.0 11
1761689684804 6692641915797504.0 12
1761689684944 7836336945889280.0 13
1761689685087 2909034768236544.0 14
1761689685231 4867270614450176.0 15
1761689685365 3837514355834880.0 16
1761689685498 2664320416612352.0 17
1761689685627 6337609181691904.0 18
1761689685758 1.1531467498717184e+16 19
1761689685900 6117780944322560.0 20
1761689686044 3111372556599296.0 21
1761689686183 4706737084956672.0 22
1761689686326 9429055237521408.0 23
1761689686464 7859928127504384.0 24
1761689686615 2455061288452096.0 25
1761689686752 5047936266272768.0 26
1761689686893 5405436459089920.0 27
1761689687029 5708465729175552.0 28
1761689687202 6143687113310208.0 29
1761689687389 3934712150097920.0 30
1761689687561 7550687797837824.0 31
1761689687733 9856567692230656.0 32
1761689687891 1.1591335047856128e+16 33
1761689688070 4399734701686784.0 34
1761689688214 2888862380589056.0 35
1761689688353 4353581519994880.0 36
1761689688491 9082683304968192.0 37
1761689688626 1.0056852754661376e+16 38
1761689688760 8702803111313408.0 39
1761689688899 6599684864868352.0 40
1761689689034 5955058592120832.0 41
1761689689170 8544066488762368.0 42
1761689689299 7378438671302656.0 43
1761689689428 1839797156970496.0 44
1761689689560 2961635232710656.0 45
1761689689692 2869455033991168.0 46
1761689689820 4079481270566912.0 47
1761689689950 2937443292545024.0 48
1761689690080 3991251904888832.0 49
1761689690202 8299494407929856.0 50
1761689690380 7589945409536000.0 51
1761689690509 9820614520995840.0 52
1761689690637 1.1660727760715776e+16 53
1761689690763 6947533729300480.0 54
1761689690896 7816937115484160.0 55
1761689691142 1993148158967808.0 56
1761689691273 5047283431243776.0 57
1761689691400 6643951482175488.0 58
1761689691526 7246283064475648.0 59
1761689691652 4732225031503872.0 60
1761689691779 3848046957821952.0 61
1761689691907 2950356917026816.0 62
1761689692035 4814633105883136.0 63
1761689692169 4051302258573312.0 64
1761689692304 8831924323745792.0 65
1761689692438 9025790020681728.0 66
1761689692568 5313698642001920.0 67
1761689692698 6142390570057728.0 68
1761689692826 3928214669885440.0 69
1761689692950 7527420349382656.0 70
1761689693076 8328173515177984.0 71
1761689693204 6703908151885824.0 72
1761689693330 4195892064157696.0 73
1761689693457 7139993361317888.0 74
1761689693605 2029243869429760.0 75
1761689693737 2078262733832192.0 76
1761689693868 4250672761405440.0 77
1761689694033 5451881161687040.0 78
1761689694169 7467173769379840.0 79
1761689694298 3604664046059520.0 80
1761689694427 4638559847841792.0 81
1761689694559 6293711394701312.0 82
1761689694687 7592724790247424.0 83
1761689694813 6475669294809088.0 84
1761689694939 4497049265373184.0 85
1761689695067 4961910755688448.0 86
1761689695189 6401610636853248.0 87
1761689695309 5504395726815232.0 88
1761689695431 7288598692888576.0 89
1761689695554 5419228672819200.0 90
1761689695684 7187679846334464.0 91
1761689695817 5416710211371008.0 92
1761689695949 5281285597560832.0 93
1761689696085 5132645369380864.0 94
1761689696218 3960433098620928.0 95
1761689696356 3517197573947392.0 96
1761689696495 3791574311895040.0 97
1761689696652 1914665147826176.0 98
1761689696827 3424407221436416.0 99
