1761681840988 0.37556561827659607 0
1761681841215 0.3891402781009674 1
1761681841447 0.38631221652030945 2
1761681841662 0.39875566959381104 3
1761681841884 0.3857465982437134 4
1761681842106 0.39423078298568726 5
1761681842362 0.39196833968162537 6
1761681842615 0.375 7
1761681842840 0.38009050488471985 8
1761681843063 0.3766968250274658 9
1761681843284 0.3914027214050293 10
1761681843508 0.3908371031284332 11
1761681843731 0.4072398245334625 12
1761681843959 0.3806561231613159 13
1761681844193 0.3806561231613159 14
1761681844433 0.3993212580680847 15
1761681844670 0.3766968250274658 16
1761681844895 0.38800904154777527 17
1761681845126 0.39027148485183716 18
1761681845358 0.3829185664653778 19
1761681845599 0.3976244330406189 20
1761681845836 0.4078054428100586 21
1761681846078 0.3789592683315277 22
1761681846357 0.38631221652030945 23
1761681846610 0.3795248866081238 24
1761681846879 0.4134615361690521 25
1761681847129 0.3806561231613159 26
1761681847374 0.3812217116355896 27
1761681847671 0.39875566959381104 28
1761681847910 0.395361989736557 29
1761681848148 0.37556561827659607 30
1761681848409 0.3857465982437134 31
1761681848685 0.3970588147640228 32
1761681848936 0.3727375566959381 33
1761681849178 0.3976244330406189 34
1761681849411 0.36821267008781433 35
1761681849648 0.4078054428100586 36
1761681849883 0.37443438172340393 37
1761681850114 0.38461539149284363 38
1761681850343 0.3795248866081238 39
1761681850568 0.40441176295280457 40
1761681850795 0.4123303294181824 41
1761681851045 0.3851810097694397 42
1761681851266 0.3959276080131531 43
1761681851492 0.4196832478046417 44
1761681851766 0.38800904154777527 45
1761681852053 0.37782806158065796 46
1761681852354 0.3914027214050293 47
1761681852679 0.38178732991218567 48
1761681852973 0.3930995464324951 49
1761681853284 0.3727375566959381 50
1761681853580 0.39253392815589905 51
1761681853847 0.3891402781009674 52
1761681854105 0.3874434530735016 53
1761681854383 0.3851810097694397 54
1761681854670 0.38178732991218567 55
1761681854940 0.3930995464324951 56
1761681855195 0.3834841549396515 57
1761681855411 0.40045249462127686 58
1761681855650 0.40271493792533875 59
1761681855901 0.36368778347969055 60
1761681856246 0.39027148485183716 61
1761681856561 0.3665158450603485 62
1761681856852 0.3930995464324951 63
1761681857281 0.3874434530735016 64
1761681857684 0.38235294818878174 65
1761681858031 0.3851810097694397 66
1761681858372 0.37613123655319214 67
1761681858680 0.39253392815589905 68
1761681858955 0.3908371031284332 69
1761681859247 0.3914027214050293 70
1761681859557 0.3806561231613159 71
1761681859869 0.37782806158065796 72
1761681860245 0.41289591789245605 73
1761681860533 0.38800904154777527 74
1761681860800 0.3851810097694397 75
1761681861049 0.39027148485183716 76
1761681861305 0.37556561827659607 77
1761681861556 0.40045249462127686 78
1761681861813 0.3766968250274658 79
1761681862081 0.38800904154777527 80
1761681862374 0.40045249462127686 81
1761681862704 0.4123303294181824 82
1761681863019 0.3857465982437134 83
1761681863318 0.3857465982437134 84
1761681863694 0.3908371031284332 85
1761681864145 0.3608597218990326 86
1761681864510 0.38800904154777527 87
1761681864821 0.4055429995059967 88
1761681865101 0.4100678861141205 89
1761681865370 0.39253392815589905 90
1761681865641 0.3733031749725342 91
1761681865906 0.4015837013721466 92
1761681866187 0.39479637145996094 93
1761681866433 0.39196833968162537 94
1761681866695 0.3930995464324951 95
1761681866926 0.395361989736557 96
1761681867262 0.3874434530735016 97
1761681867544 0.3930995464324951 98
1761681867819 0.42138010263442993 99
