1761681840988 5195707300446208.0 0
1761681841215 5966628160274432.0 1
1761681841447 3120157912203264.0 2
1761681841662 3087649841610752.0 3
1761681841884 2590943853150208.0 4
1761681842106 2304758907928576.0 5
1761681842362 2133818941112320.0 6
1761681842615 1191887381725184.0 7
1761681842840 1354931319603200.0 8
1761681843063 2179489341636608.0 9
1761681843284 2201949873111040.0 10
1761681843508 1212445645340672.0 11
1761681843731 1381389391888384.0 12
1761681843959 2096727200890880.0 13
1761681844193 1884167390363648.0 14
1761681844433 1371397955780608.0 15
1761681844670 858345321791488.0 16
1761681844895 764573904797696.0 17
1761681845126 1065128132870144.0 18
1761681845358 885880088690688.0 19
1761681845599 797258337484800.0 20
1761681845836 1323857768087552.0 21
1761681846078 879526288556032.0 22
1761681846357 434814469537792.0 23
1761681846610 586800980557824.0 24
1761681846879 648213308637184.0 25
1761681847129 506737253679104.0 26
1761681847374 659306470965248.0 27
1761681847671 589467215724544.0 28
1761681847910 357934051622912.0 29
1761681848148 585817969917952.0 30
1761681848409 267566681423872.0 31
1761681848685 274935083696128.0 32
1761681848936 383073870938112.0 33
1761681849178 508100838686720.0 34
1761681849411 353605429231616.0 35
1761681849648 268925703028736.0 36
1761681849883 368232343011328.0 37
1761681850114 308579877781504.0 38
1761681850343 420128097304576.0 39
1761681850568 269690358202368.0 40
1761681850795 257939042467840.0 41
1761681851045 291848463581184.0 42
1761681851266 303937253015552.0 43
1761681851492 185385602777088.0 44
1761681851766 246226263998464.0 45
1761681852053 206443575771136.0 46
1761681852354 180071973257216.0 47
1761681852679 240521607905280.0 48
1761681852973 424045845676032.0 49
1761681853284 356091141554176.0 50
1761681853580 253530359201792.0 51
1761681853847 159529044017152.0 52
1761681854105 180097508179968.0 53
1761681854383 145082267205632.0 54
1761681854670 163526316392448.0 55
1761681854940 151354815283200.0 56
1761681855195 119430138822656.0 57
1761681855411 113820315942912.0 58
1761681855650 109274386661376.0 59
1761681855901 88862235820032.0 60
1761681856246 78683700199424.0 61
1761681856561 75257582977024.0 62
1761681856852 68129694679040.0 63
1761681857281 79473076600832.0 64
1761681857684 56836350803968.0 65
1761681858031 53736953085952.0 66
1761681858372 35585578237952.0 67
1761681858680 51483378712576.0 68
1761681858955 62940711485440.0 69
1761681859247 46921561407488.0 70
1761681859557 51205153751040.0 71
1761681859869 57854182555648.0 72
1761681860245 67892024442880.0 73
1761681860533 47246242480128.0 74
1761681860800 35749160288256.0 75
1761681861049 35261425647616.0 76
1761681861305 32481977827328.0 77
1761681861556 23255054286848.0 78
1761681861813 38567032127488.0 79
1761681862081 13737246326784.0 80
1761681862374 15070513856512.0 81
1761681862704 9672146812928.0 82
1761681863019 12766124441600.0 83
1761681863318 57955625992192.0 84
1761681863694 47338169040896.0 85
1761681864145 111637365260288.0 86
1761681864510 62751762284544.0 87
1761681864821 44910262616064.0 88
1761681865101 53981594255360.0 89
1761681865370 41794632941568.0 90
1761681865641 10940122660864.0 91
1761681865906 7170919235584.0 92
1761681866187 3348139606016.0 93
1761681866433 1955565010944.0 94
1761681866695 2576969629696.0 95
1761681866926 2216929263616.0 96
1761681867262 3643914846208.0 97
1761681867544 5547280564224.0 98
1761681867819 1873433198592.0 99
