1761689492203 0.28393664956092834 0
1761689492338 0.4626696705818176 1
1761689492473 0.24095022678375244 2
1761689492602 0.31900453567504883 3
1761689492714 0.3235294222831726 4
1761689492837 0.40045249462127686 5
1761689492950 0.23529411852359772 6
1761689493061 0.4247737526893616 7
1761689493175 0.3054298758506775 8
1761689493299 0.3201357424259186 9
1761689493409 0.3240950107574463 10
1761689493531 0.36368778347969055 11
1761689493649 0.29807692766189575 12
1761689493763 0.2771493196487427 13
1761689493888 0.3365384638309479 14
1761689494015 0.3235294222831726 15
1761689494139 0.33540722727775574 16
1761689494255 0.32070136070251465 17
1761689494374 0.22907239198684692 18
1761689494491 0.40271493792533875 19
1761689494605 0.2884615361690521 20
1761689494724 0.4242081344127655 21
1761689494836 0.30429863929748535 22
1761689494948 0.23925338685512543 23
1761689495061 0.38461539149284363 24
1761689495174 0.38461539149284363 25
1761689495285 0.3421945571899414 26
1761689495400 0.30260181427001953 27
1761689495617 0.30995476245880127 28
1761689495732 0.39875566959381104 29
1761689495841 0.26300904154777527 30
1761689495956 0.42533937096595764 31
1761689496070 0.2584841549396515 32
1761689496189 0.3274886906147003 33
1761689496305 0.35576921701431274 34
1761689496420 0.30599546432495117 35
1761689496591 0.3608597218990326 36
1761689496761 0.29015836119651794 37
1761689496897 0.32861989736557007 38
1761689497083 0.3812217116355896 39
1761689497249 0.3297511339187622 40
1761689497401 0.31278279423713684 41
1761689497557 0.33257919549942017 42
1761689497692 0.32918551564216614 43
1761689497830 0.313914030790329 44
1761689497984 0.36199095845222473 45
1761689498146 0.3195701241493225 46
1761689498325 0.3297511339187622 47
1761689498593 0.34558823704719543 48
1761689498854 0.3009049892425537 49
1761689499143 0.33540722727775574 50
1761689499345 0.3501131236553192 51
1761689499604 0.3009049892425537 52
1761689499942 0.2929864227771759 53
1761689500196 0.23925338685512543 54
1761689500487 0.45361989736557007 55
1761689500840 0.2398190051317215 56
1761689501158 0.34502261877059937 57
1761689501429 0.3891402781009674 58
1761689501701 0.2664027214050293 59
1761689501955 0.4202488660812378 60
1761689502176 0.24490949511528015 61
1761689502386 0.3625565469264984 62
1761689502604 0.30599546432495117 63
1761689502907 0.31447964906692505 64
1761689503217 0.37160632014274597 65
1761689503551 0.3563348352909088 66
1761689503903 0.32296380400657654 67
1761689504117 0.290723979473114 68
1761689504376 0.2845022678375244 69
1761689504687 0.28619909286499023 70
1761689504978 0.4032805562019348 71
1761689505281 0.3014705777168274 72
1761689505615 0.34728506207466125 73
1761689505840 0.3048642575740814 74
1761689506011 0.3648189902305603 75
1761689506196 0.36821267008781433 76
1761689506357 0.3235294222831726 77
1761689506506 0.40667420625686646 78
1761689506668 0.29242080450057983 79
1761689506836 0.2833710312843323 80
1761689506984 0.38009050488471985 81
1761689507121 0.36538460850715637 82
1761689507257 0.2890271544456482 83
1761689507407 0.2992081344127655 84
1761689507556 0.3874434530735016 85
1761689507695 0.31843891739845276 86
1761689507832 0.30260181427001953 87
1761689507965 0.31900453567504883 88
1761689508099 0.35803166031837463 89
1761689508230 0.24547511339187622 90
1761689508367 0.3399321138858795 91
1761689508498 0.33314478397369385 92
1761689508629 0.30882352590560913 93
1761689508760 0.32692307233810425 94
1761689508889 0.3404977321624756 95
1761689509017 0.2929864227771759 96
1761689509151 0.38404977321624756 97
1761689509289 0.31674209237098694 98
1761689509477 0.32070136070251465 99
