1761689492203 5.97247371813847e+16 0
1761689492338 4.173692451946496e+16 1
1761689492473 1.5296600112889856e+16 2
1761689492602 9506539668766720.0 3
1761689492714 1.2384982727131136e+16 4
1761689492837 1.0021450412982272e+16 5
1761689492950 1.524259197288448e+16 6
1761689493061 6964673333166080.0 7
1761689493175 1.0034515703496704e+16 8
1761689493299 2720554691854336.0 9
1761689493409 4351725020381184.0 10
1761689493531 1.23566745976832e+16 11
1761689493649 1.2172771614261248e+16 12
1761689493763 6752897085734912.0 13
1761689493888 3330655601557504.0 14
1761689494015 8576976675667968.0 15
1761689494139 6112703756107776.0 16
1761689494255 5970592415088640.0 17
1761689494374 1.225006277197824e+16 18
1761689494491 1.6987587793125376e+16 19
1761689494605 1.0371738281967616e+16 20
1761689494724 8994517290057728.0 21
1761689494836 5829523140509696.0 22
1761689494948 6796077076316160.0 23
1761689495061 6887827241435136.0 24
1761689495174 8161756417359872.0 25
1761689495285 7658028694241280.0 26
1761689495400 6268653481754624.0 27
1761689495617 5992178920718336.0 28
1761689495732 8498936583028736.0 29
1761689495841 1.0722395518140416e+16 30
1761689495956 9708602847657984.0 31
1761689496070 1.034996924022784e+16 32
1761689496189 1.170450528862208e+16 33
1761689496305 4317305420906496.0 34
1761689496420 6864216732467200.0 35
1761689496591 7903711024119808.0 36
1761689496761 4366201744523264.0 37
1761689496897 5814179906715648.0 38
1761689497083 4173278792908800.0 39
1761689497249 6366696847704064.0 40
1761689497401 4858808992006144.0 41
1761689497557 3638791050887168.0 42
1761689497692 2984431845376000.0 43
1761689497830 5913583166685184.0 44
1761689497984 3032850890752000.0 45
1761689498146 3242304634617856.0 46
1761689498325 3422161758846976.0 47
1761689498593 5399252779925504.0 48
1761689498854 3683898139607040.0 49
1761689499143 7291754420109312.0 50
1761689499345 8718289689640960.0 51
1761689499604 7035453320462336.0 52
1761689499942 6627262313005056.0 53
1761689500196 1.0998833571954688e+16 54
1761689500487 1.399572538589184e+16 55
1761689500840 6977733254971392.0 56
1761689501158 5767327719096320.0 57
1761689501429 6158072569397248.0 58
1761689501701 8023956686635008.0 59
1761689501955 1.119495573733376e+16 60
1761689502176 6328887713726464.0 61
1761689502386 6918395060551680.0 62
1761689502604 2144885729656832.0 63
1761689502907 3894681444286464.0 64
1761689503217 6032539802140672.0 65
1761689503551 5285831820443648.0 66
1761689503903 5768340794507264.0 67
1761689504117 6047741302013952.0 68
1761689504376 6055855568977920.0 69
1761689504687 5089645767426048.0 70
1761689504978 6281294644248576.0 71
1761689505281 7711017316384768.0 72
1761689505615 3144631441162240.0 73
1761689505840 2821442399895552.0 74
1761689506011 4169709406650368.0 75
1761689506196 3250124696322048.0 76
1761689506357 3092335382495232.0 77
1761689506506 4639711435948032.0 78
1761689506668 4730015270830080.0 79
1761689506836 5593681654448128.0 80
1761689506984 5578329830719488.0 81
1761689507121 6368372958691328.0 82
1761689507257 4470110962057216.0 83
1761689507407 3432805493112832.0 84
1761689507556 6412575151489024.0 85
1761689507695 6362304169902080.0 86
1761689507832 6421795909402624.0 87
1761689507965 7134194618597376.0 88
1761689508099 9108985684688896.0 89
1761689508230 5705889285668864.0 90
1761689508367 8317146186645504.0 91
1761689508498 2463409362698240.0 92
1761689508629 2946837191327744.0 93
1761689508760 2557218964635648.0 94
1761689508889 4588145521721344.0 95
1761689509017 2956242632835072.0 96
1761689509151 4373519831924736.0 97
1761689509289 6950139163836416.0 98
1761689509477 7449058671067136.0 99
