1761679592946 0.3950226306915283 0
1761679593138 0.4031674265861511 1
1761679593339 0.3914027214050293 2
1761679593549 0.3773755729198456 3
1761679593755 0.3791855275630951 4
1761679593973 0.401809960603714 5
1761679594180 0.3918552100658417 6
1761679594384 0.364705890417099 7
1761679594585 0.40678733587265015 8
1761679594788 0.40226244926452637 9
1761679594991 0.4081448018550873 10
1761679595193 0.39276018738746643 11
1761679595393 0.4000000059604645 12
1761679595636 0.38190045952796936 13
1761679595898 0.3909502327442169 14
1761679596143 0.4122171998023987 15
1761679596375 0.3764705955982208 16
1761679596602 0.41493213176727295 17
1761679596815 0.4058823585510254 18
1761679597034 0.4036199152469635 19
1761679597255 0.38823530077934265 20
1761679597477 0.3909502327442169 21
1761679597690 0.4040724039077759 22
1761679597909 0.37194570899009705 23
1761679598128 0.4036199152469635 24
1761679598345 0.38823530077934265 25
1761679598559 0.40633484721183777 26
1761679598777 0.39638009667396545 27
1761679598991 0.41674208641052246 28
1761679599212 0.3959276080131531 29
1761679599432 0.3914027214050293 30
1761679599641 0.41447964310646057 31
1761679599853 0.39864253997802734 32
1761679600078 0.3918552100658417 33
1761679600290 0.40226244926452637 34
1761679600499 0.385067880153656 35
1761679600716 0.40090498328208923 36
1761679600940 0.41040724515914917 37
1761679601160 0.38823530077934265 38
1761679601372 0.40090498328208923 39
1761679601582 0.3877828121185303 40
1761679601796 0.3877828121185303 41
1761679602001 0.4031674265861511 42
1761679602218 0.38461539149284363 43
1761679602436 0.37828055024147034 44
1761679602647 0.4158371090888977 45
1761679602857 0.3959276080131531 46
1761679603064 0.38868778944015503 47
1761679603277 0.39411765336990356 48
1761679603489 0.39457014203071594 49
1761679603698 0.3868778347969055 50
1761679603973 0.38190045952796936 51
1761679604209 0.40452489256858826 52
1761679604489 0.40271493792533875 53
1761679604800 0.41312217712402344 54
1761679605103 0.40452489256858826 55
1761679605395 0.4000000059604645 56
1761679605667 0.38597285747528076 57
1761679605934 0.3914027214050293 58
1761679606258 0.3832579255104065 59
1761679606582 0.3909502327442169 60
1761679606852 0.39819005131721497 61
1761679607096 0.38416290283203125 62
1761679607321 0.3891402781009674 63
1761679607623 0.3954751193523407 64
1761679607856 0.40678733587265015 65
1761679608082 0.3990950286388397 66
1761679608317 0.4036199152469635 67
1761679608552 0.4040724039077759 68
1761679608788 0.38642534613609314 69
1761679609021 0.3950226306915283 70
1761679609272 0.3990950286388397 71
1761679609508 0.39049774408340454 72
1761679609734 0.3868778347969055 73
1761679609956 0.39457014203071594 74
1761679610225 0.39276018738746643 75
1761679610502 0.4000000059604645 76
1761679610771 0.38235294818878174 77
1761679611133 0.40678733587265015 78
1761679611440 0.3692307770252228 79
1761679611704 0.4153846204280853 80
1761679611946 0.40452489256858826 81
1761679612190 0.4099547564983368 82
1761679612444 0.38642534613609314 83
1761679612698 0.41674208641052246 84
1761679612937 0.41900452971458435 85
1761679613174 0.41266968846321106 86
1761679613428 0.42895928025245667 87
1761679613688 0.44162896275520325 88
1761679613941 0.43122172355651855 89
1761679614219 0.4140271544456482 90
1761679614489 0.4153846204280853 91
1761679614760 0.4361990988254547 92
1761679615021 0.44343891739845276 93
1761679615281 0.4321267008781433 94
1761679615550 0.4348416328430176 95
1761679615794 0.4298642575740814 96
1761679616048 0.43981900811195374 97
1761679616296 0.43529412150382996 98
1761679616530 0.4361990988254547 99
