1761679592946 2171965364240384.0 0
1761679593138 1684508587851776.0 1
1761679593339 1344123571273728.0 2
1761679593549 1400424821161984.0 3
1761679593755 1992587397300224.0 4
1761679593973 1414319308800000.0 5
1761679594180 615485590732800.0 6
1761679594384 842774723166208.0 7
1761679594585 753334713581568.0 8
1761679594788 1006472167161856.0 9
1761679594991 414610305843200.0 10
1761679595193 512694977298432.0 11
1761679595393 497740404490240.0 12
1761679595636 397403156905984.0 13
1761679595898 263184623599616.0 14
1761679596143 309378037055488.0 15
1761679596375 388971834114048.0 16
1761679596602 230354849890304.0 17
1761679596815 240674850996224.0 18
1761679597034 273106870468608.0 19
1761679597255 222302809620480.0 20
1761679597477 204131054649344.0 21
1761679597690 188017092329472.0 22
1761679597909 188803843096576.0 23
1761679598128 163378827886592.0 24
1761679598345 134617394839552.0 25
1761679598559 151275811373056.0 26
1761679598777 191865802457088.0 27
1761679598991 162996592574464.0 28
1761679599212 106863853043712.0 29
1761679599432 126438703366144.0 30
1761679599641 148304247652352.0 31
1761679599853 91155706413056.0 32
1761679600078 86665024503808.0 33
1761679600290 106143095455744.0 34
1761679600499 104363754258432.0 35
1761679600716 75888456630272.0 36
1761679600940 76780685754368.0 37
1761679601160 34966794665984.0 38
1761679601372 57831399096320.0 39
1761679601582 88141234962432.0 40
1761679601796 76267344887808.0 41
1761679602001 73771524292608.0 42
1761679602218 68663189176320.0 43
1761679602436 49224804728832.0 44
1761679602647 67144951791616.0 45
1761679602857 49235898662912.0 46
1761679603064 52079846490112.0 47
1761679603277 38292032585728.0 48
1761679603489 30224972513280.0 49
1761679603698 30679161110528.0 50
1761679603973 27166817386496.0 51
1761679604209 37188968382464.0 52
1761679604489 21654541434880.0 53
1761679604800 25859306029056.0 54
1761679605103 22397210066944.0 55
1761679605395 16195723984896.0 56
1761679605667 12518583959552.0 57
1761679605934 11424182042624.0 58
1761679606258 14561753169920.0 59
1761679606582 35887832367104.0 60
1761679606852 54468850745344.0 61
1761679607096 28988745449472.0 62
1761679607321 12431313076224.0 63
1761679607623 12135619887104.0 64
1761679607856 6801698324480.0 65
1761679608082 15880432910336.0 66
1761679608317 4347656404992.0 67
1761679608552 5886595039232.0 68
1761679608788 2836946223104.0 69
1761679609021 4475657388032.0 70
1761679609272 2406750093312.0 71
1761679609508 2608890118144.0 72
1761679609734 8717050314752.0 73
1761679609956 12776288288768.0 74
1761679610225 4607653707776.0 75
1761679610502 4637694361600.0 76
1761679610771 9955644014592.0 77
1761679611133 7151520055296.0 78
1761679611440 4468277510144.0 79
1761679611704 3400620310528.0 80
1761679611946 8648752365568.0 81
1761679612190 8538083033088.0 82
1761679612444 3556782112768.0 83
1761679612698 3090709217280.0 84
1761679612937 4657382424576.0 85
1761679613174 4929141866496.0 86
1761679613428 1446853214208.0 87
1761679613688 6356982272.0 88
1761679613941 2967252992.0 89
1761679614219 1963199104.0 90
1761679614489 1411600896.0 91
1761679614760 1162735616.0 92
1761679615021 991800384.0 93
1761679615281 969450624.0 94
1761679615550 783615232.0 95
1761679615794 764115584.0 96
1761679616048 597376064.0 97
1761679616296 510826976.0 98
1761679616530 436942624.0 99
