1761689344494 0.375 0
1761689344825 0.3178732991218567 1
1761689345486 0.354638010263443 2
1761689345860 0.30203619599342346 3
1761689346173 0.2743212580680847 4
1761689346603 0.35520362854003906 5
1761689346958 0.2782805562019348 6
1761689347260 0.32861989736557007 7
1761689347558 0.2556561231613159 8
1761689347856 0.38857465982437134 9
1761689348173 0.33540722727775574 10
1761689348495 0.26527148485183716 11
1761689348853 0.43495476245880127 12
1761689349161 0.25678732991218567 13
1761689349502 0.34106335043907166 14
1761689349875 0.36538460850715637 15
1761689350220 0.30203619599342346 16
1761689350572 0.29638010263442993 17
1761689350908 0.3812217116355896 18
1761689351246 0.31221720576286316 19
1761689351578 0.395361989736557 20
1761689351970 0.30825790762901306 21
1761689352380 0.39649322628974915 22
1761689352663 0.331447958946228 23
1761689353047 0.29807692766189575 24
1761689353584 0.34106335043907166 25
1761689354233 0.3625565469264984 26
1761689354619 0.3263574540615082 27
1761689355228 0.3093891441822052 28
1761689355663 0.3382352888584137 29
1761689356314 0.3670814335346222 30
1761689356678 0.2420814484357834 31
1761689357042 0.3506787419319153 32
1761689357516 0.41459277272224426 33
1761689357869 0.3727375566959381 34
1761689358242 0.290723979473114 35
1761689358717 0.3280543088912964 36
1761689359014 0.37613123655319214 37
1761689359329 0.29638010263442993 38
1761689359643 0.31617647409439087 39
1761689360015 0.35350677371025085 40
1761689360660 0.3218325674533844 41
1761689361295 0.3031674325466156 42
1761689361602 0.3337104022502899 43
1761689361960 0.3359728455543518 44
1761689362271 0.27149322628974915 45
1761689362651 0.3585972785949707 46
1761689362993 0.3608597218990326 47
1761689363311 0.36142534017562866 48
1761689363680 0.25 49
1761689364027 0.3591628968715668 50
1761689364362 0.30825790762901306 51
1761689364720 0.3240950107574463 52
1761689365052 0.2771493196487427 53
1761689365385 0.3727375566959381 54
1761689365779 0.2607465982437134 55
1761689366136 0.2782805562019348 56
1761689366516 0.3789592683315277 57
1761689366847 0.2890271544456482 58
1761689367297 0.29185521602630615 59
