1761689344494 1.7520522367598592e+16 0
1761689344825 4521829079187456.0 1
1761689345486 3541613120847872.0 2
1761689345860 6670835293093888.0 3
1761689346173 5244878770405376.0 4
1761689346603 1262597575802880.0 5
1761689346958 2152981206138880.0 6
1761689347260 2778472325840896.0 7
1761689347558 1825394789449728.0 8
1761689347856 4355851947081728.0 9
1761689348173 5110160141844480.0 10
1761689348495 5873176114364416.0 11
1761689348853 4459778344484864.0 12
1761689349161 4226533166153728.0 13
1761689349502 3649242585366528.0 14
1761689349875 2509443627483136.0 15
1761689350220 2471090643271680.0 16
1761689350572 4826263340449792.0 17
1761689350908 3623912478867456.0 18
1761689351246 3505708804866048.0 19
1761689351578 3576733336862720.0 20
1761689351970 2592359313309696.0 21
1761689352380 2365472297189376.0 22
1761689352663 1628221028171776.0 23
1761689353047 1330323438698496.0 24
1761689353584 1312370475401216.0 25
1761689354233 2673393266589696.0 26
1761689354619 2550898651824128.0 27
1761689355228 1415291447803904.0 28
1761689355663 2095166382931968.0 29
1761689356314 2484149759770624.0 30
1761689356678 3080774404276224.0 31
1761689357042 1821097674670080.0 32
1761689357516 2091773761421312.0 33
1761689357869 2475944224751616.0 34
1761689358242 1660672861536256.0 35
1761689358717 1848828131016704.0 36
1761689359014 1196753042800640.0 37
1761689359329 1460808840118272.0 38
1761689359643 583498419142656.0 39
1761689360015 1595266415198208.0 40
1761689360660 1645902334787584.0 41
1761689361295 1452869324636160.0 42
1761689361602 1798583053451264.0 43
1761689361960 1218727437664256.0 44
1761689362271 2494195419840512.0 45
1761689362651 2937899095949312.0 46
1761689362993 1968144335765504.0 47
1761689363311 2481643646353408.0 48
1761689363680 3211486365220864.0 49
1761689364027 949929795125248.0 50
1761689364362 500844457885696.0 51
1761689364720 1679691647811584.0 52
1761689365052 1140179465142272.0 53
1761689365385 1563835978743808.0 54
1761689365779 1283337436004352.0 55
1761689366136 1674380115443712.0 56
1761689366516 1665011986464768.0 57
1761689366847 1615519199264768.0 58
1761689367297 928863852953600.0 59
