1761689320133 0.3014705777168274 0
1761689320292 0.2522624433040619 1
1761689320445 0.4117647111415863 2
1761689320605 0.2788461446762085 3
1761689320764 0.3274886906147003 4
1761689320941 0.40893664956092834 5
1761689321142 0.3156108558177948 6
1761689321295 0.34558823704719543 7
1761689321448 0.28789591789245605 8
1761689321617 0.3076923191547394 9
1761689321780 0.3427601754665375 10
1761689321960 0.32918551564216614 11
1761689322108 0.3212669789791107 12
1761689322284 0.3076923191547394 13
1761689322429 0.34106335043907166 14
1761689322554 0.38461539149284363 15
1761689322708 0.3444570004940033 16
1761689322903 0.2765837013721466 17
1761689323047 0.3093891441822052 18
1761689323190 0.32918551564216614 19
1761689323322 0.2760181128978729 20
1761689323459 0.26357465982437134 21
1761689323592 0.30203619599342346 22
1761689323741 0.32692307233810425 23
1761689323882 0.3133484125137329 24
1761689324041 0.3201357424259186 25
1761689324189 0.29807692766189575 26
1761689324350 0.33314478397369385 27
1761689324501 0.35180994868278503 28
1761689324779 0.29411765933036804 29
1761689325038 0.3195701241493225 30
1761689325288 0.32070136070251465 31
1761689325570 0.331447958946228 32
1761689325778 0.31843891739845276 33
1761689326158 0.33257919549942017 34
1761689326399 0.3263574540615082 35
1761689326615 0.36199095845222473 36
1761689326838 0.3201357424259186 37
1761689327128 0.2782805562019348 38
1761689327342 0.27997738122940063 39
1761689327521 0.35746607184410095 40
1761689327874 0.331447958946228 41
1761689328124 0.35180994868278503 42
1761689328430 0.31221720576286316 43
1761689328617 0.334276020526886 44
1761689328925 0.28619909286499023 45
1761689329157 0.3585972785949707 46
1761689329365 0.37839367985725403 47
1761689329616 0.3529411852359772 48
1761689329918 0.3501131236553192 49
1761689330087 0.3970588147640228 50
1761689330277 0.2929864227771759 51
1761689330483 0.2460407167673111 52
1761689330640 0.40441176295280457 53
1761689330846 0.3461538553237915 54
1761689331054 0.3506787419319153 55
1761689331327 0.3382352888584137 56
1761689331544 0.331447958946228 57
1761689331763 0.3376696705818176 58
1761689331965 0.31900453567504883 59
1761689332168 0.3173076808452606 60
1761689332455 0.4010181128978729 61
1761689332760 0.3665158450603485 62
1761689333024 0.2579185664653778 63
1761689333202 0.3704751133918762 64
1761689333444 0.3178732991218567 65
1761689333641 0.23868778347969055 66
1761689333829 0.3693438768386841 67
1761689334145 0.30825790762901306 68
1761689334478 0.3998868763446808 69
1761689334774 0.31674209237098694 70
1761689335017 0.2624434530735016 71
1761689335236 0.32692307233810425 72
1761689335437 0.29581448435783386 73
1761689335702 0.39196833968162537 74
1761689336014 0.2811085879802704 75
1761689336367 0.3540723919868469 76
1761689336586 0.30656108260154724 77
1761689336902 0.3416289687156677 78
1761689337102 0.3772624433040619 79
1761689337388 0.20814479887485504 80
1761689337647 0.37839367985725403 81
1761689337824 0.37160632014274597 82
1761689338014 0.2845022678375244 83
1761689338200 0.3280543088912964 84
1761689338530 0.36764705181121826 85
1761689338749 0.3665158450603485 86
1761689338933 0.3235294222831726 87
1761689339131 0.35803166031837463 88
1761689339349 0.3156108558177948 89
1761689339519 0.35803166031837463 90
1761689339709 0.31674209237098694 91
1761689340027 0.3054298758506775 92
1761689340194 0.4304298758506775 93
1761689340385 0.30656108260154724 94
1761689340583 0.2726244330406189 95
1761689340776 0.31843891739845276 96
1761689340965 0.30825790762901306 97
1761689341281 0.31278279423713684 98
1761689341470 0.43099546432495117 99
