1761689320133 7.780283435083366e+16 0
1761689320292 5.001351977238528e+16 1
1761689320445 2.740776686374093e+16 2
1761689320605 1.9797862204309504e+16 3
1761689320764 1.3561135898820608e+16 4
1761689320941 1.4636218826358784e+16 5
1761689321142 1.0831747532980224e+16 6
1761689321295 1.1464877252018176e+16 7
1761689321448 5372178916704256.0 8
1761689321617 8742845091414016.0 9
1761689321780 1.0077729516945408e+16 10
1761689321960 6273974946234368.0 11
1761689322108 4291911426768896.0 12
1761689322284 8706494098833408.0 13
1761689322429 7077607350730752.0 14
1761689322554 5126487460020224.0 15
1761689322708 1.0572913476370432e+16 16
1761689322903 9080133168136192.0 17
1761689323047 1.4992927671451648e+16 18
1761689323190 6038243518709760.0 19
1761689323322 1.2365607055917056e+16 20
1761689323459 1.1654999348084736e+16 21
1761689323592 6100607517589504.0 22
1761689323741 6186405931778048.0 23
1761689323882 9798148620812288.0 24
1761689324041 1.224098965356544e+16 25
1761689324189 4690063485042688.0 26
1761689324350 1.081994603659264e+16 27
1761689324501 5406156939853824.0 28
1761689324779 4548559881895936.0 29
1761689325038 4302876746711040.0 30
1761689325288 1.0627309237174272e+16 31
1761689325570 6235225214418944.0 32
1761689325778 9145525118959616.0 33
1761689326158 5523601209950208.0 34
1761689326399 5781582178680832.0 35
1761689326615 5686842716323840.0 36
1761689326838 4403057664196608.0 37
1761689327128 7607369018114048.0 38
1761689327342 1.1965702650986496e+16 39
1761689327521 1.495830808756224e+16 40
1761689327874 9774235316649984.0 41
1761689328124 1.0265055589302272e+16 42
1761689328430 6004385217773568.0 43
1761689328617 4875914773004288.0 44
1761689328925 3811619192700928.0 45
1761689329157 7528984791220224.0 46
1761689329365 6923071206195200.0 47
1761689329616 5441600083722240.0 48
1761689329918 7171477619081216.0 49
1761689330087 1.0030029610156032e+16 50
1761689330277 1.303021673775104e+16 51
1761689330483 1.0857679471771648e+16 52
1761689330640 1.3688131639312384e+16 53
1761689330846 8582111845941248.0 54
1761689331054 8645443823075328.0 55
1761689331327 7119120357130240.0 56
1761689331544 5229263879929856.0 57
1761689331763 8023349485633536.0 58
1761689331965 4691130784415744.0 59
1761689332168 5409611704172544.0 60
1761689332455 1.1907696970170368e+16 61
1761689332760 1.3511311056961536e+16 62
1761689333024 1.3655004556558336e+16 63
1761689333202 1.0464807002046464e+16 64
1761689333444 1.0653861798739968e+16 65
1761689333641 7252846311374848.0 66
1761689333829 4456791194730496.0 67
1761689334145 6420090270515200.0 68
1761689334478 1.240652843057152e+16 69
1761689334774 1.496255473647616e+16 70
1761689335017 2.0159990224388096e+16 71
1761689335236 1.5961100273057792e+16 72
1761689335437 1.4219463117242368e+16 73
1761689335702 1.2324472006639616e+16 74
1761689336014 7337783584620544.0 75
1761689336367 4440821164146688.0 76
1761689336586 6858333701013504.0 77
1761689336902 8938436828332032.0 78
1761689337102 1.0778278411370496e+16 79
1761689337388 6198022207700992.0 80
1761689337647 7191201719517184.0 81
1761689337824 7866835508658176.0 82
1761689338014 1.0740008105279488e+16 83
1761689338200 7408788520828928.0 84
1761689338530 5223058189058048.0 85
1761689338749 4120567733026816.0 86
1761689338933 5321189601837056.0 87
1761689339131 5619205034475520.0 88
1761689339349 5909799300497408.0 89
1761689339519 7771058811699200.0 90
1761689339709 3380531177717760.0 91
1761689340027 3673446605127680.0 92
1761689340194 6393838356660224.0 93
1761689340385 7977735322337280.0 94
1761689340583 8711592761884672.0 95
1761689340776 8250318106132480.0 96
1761689340965 9075169259683840.0 97
1761689341281 1.3927325884219392e+16 98
1761689341470 1.5051484181823488e+16 99
