1761681534242 0.3914027214050293 0
1761681534649 0.3897058963775635 1
1761681535092 0.4072398245334625 2
1761681535512 0.3772624433040619 3
1761681535900 0.3914027214050293 4
1761681536243 0.395361989736557 5
1761681536531 0.37443438172340393 6
1761681536810 0.3908371031284332 7
1761681537118 0.4123303294181824 8
1761681537477 0.39479637145996094 9
1761681538247 0.3897058963775635 10
1761681538741 0.3766968250274658 11
1761681539172 0.3851810097694397 12
1761681539571 0.3998868763446808 13
1761681539916 0.3834841549396515 14
1761681540272 0.39423078298568726 15
1761681540602 0.3868778347969055 16
1761681540964 0.38404977321624756 17
1761681541454 0.39649322628974915 18
1761681541960 0.36595022678375244 19
1761681542511 0.3959276080131531 20
1761681543065 0.3914027214050293 21
1761681543534 0.38461539149284363 22
1761681544019 0.38461539149284363 23
1761681544424 0.40497738122940063 24
1761681544727 0.36821267008781433 25
1761681545016 0.38178732991218567 26
1761681545298 0.40893664956092834 27
1761681545629 0.39253392815589905 28
1761681545933 0.4038461446762085 29
1761681546255 0.3625565469264984 30
1761681546597 0.3930995464324951 31
1761681546935 0.4038461446762085 32
1761681547228 0.3970588147640228 33
1761681547544 0.39027148485183716 34
1761681547827 0.4010181128978729 35
1761681548146 0.37839367985725403 36
1761681548475 0.3857465982437134 37
1761681548857 0.375 38
1761681549208 0.4100678861141205 39
1761681549516 0.36764705181121826 40
1761681549795 0.40045249462127686 41
1761681550100 0.36538460850715637 42
1761681550439 0.41063347458839417 43
1761681550807 0.38631221652030945 44
1761681551199 0.395361989736557 45
1761681551538 0.37839367985725403 46
1761681551837 0.3670814335346222 47
1761681552113 0.38857465982437134 48
1761681552380 0.3970588147640228 49
1761681552748 0.4202488660812378 50
1761681553081 0.37839367985725403 51
1761681553457 0.3970588147640228 52
1761681553861 0.3897058963775635 53
1761681554270 0.39423078298568726 54
1761681554633 0.3857465982437134 55
1761681554923 0.3914027214050293 56
1761681555213 0.39423078298568726 57
1761681555554 0.3795248866081238 58
1761681555857 0.3834841549396515 59
1761681556157 0.3806561231613159 60
1761681556467 0.4321267008781433 61
1761681556812 0.38800904154777527 62
1761681557132 0.3970588147640228 63
1761681557470 0.39819005131721497 64
1761681557787 0.38178732991218567 65
1761681558114 0.42760181427001953 66
1761681558433 0.39819005131721497 67
1761681558769 0.3897058963775635 68
1761681559153 0.37217193841934204 69
1761681559480 0.35520362854003906 70
1761681559769 0.4055429995059967 71
1761681560095 0.5022624731063843 72
1761681560417 0.5022624731063843 73
1761681560739 0.5022624731063843 74
1761681561046 0.5022624731063843 75
1761681561360 0.5022624731063843 76
1761681561673 0.5022624731063843 77
1761681561989 0.5022624731063843 78
1761681562303 0.5022624731063843 79
1761681562608 0.5022624731063843 80
1761681562988 0.5022624731063843 81
1761681563307 0.5022624731063843 82
1761681563614 0.5022624731063843 83
1761681563918 0.5022624731063843 84
1761681564256 0.5022624731063843 85
1761681564575 0.5022624731063843 86
1761681564957 0.5022624731063843 87
1761681565316 0.5022624731063843 88
1761681565661 0.5022624731063843 89
1761681565984 0.5022624731063843 90
1761681566378 0.5022624731063843 91
1761681566824 0.5022624731063843 92
1761681567230 0.5022624731063843 93
1761681567682 0.5022624731063843 94
1761681568177 0.5022624731063843 95
1761681568655 0.5022624731063843 96
1761681569131 0.5022624731063843 97
1761681569665 0.5022624731063843 98
1761681570251 0.5022624731063843 99
