1761681534242 3214261182529536.0 0
1761681534649 1385558462955520.0 1
1761681535092 1390395535654912.0 2
1761681535512 1479333302501376.0 3
1761681535900 1715830844817408.0 4
1761681536243 1439215757819904.0 5
1761681536531 1173537939259392.0 6
1761681536810 901866024075264.0 7
1761681537118 1297735105904640.0 8
1761681537477 869714838421504.0 9
1761681538247 519681681129472.0 10
1761681538741 1041516684378112.0 11
1761681539172 1111483446460416.0 12
1761681539571 775028459175936.0 13
1761681539916 1238063246213120.0 14
1761681540272 575124440875008.0 15
1761681540602 553822845927424.0 16
1761681540964 875651422748672.0 17
1761681541454 414552491556864.0 18
1761681541960 529621544075264.0 19
1761681542511 452877860470784.0 20
1761681543065 573622678716416.0 21
1761681543534 556397947256832.0 22
1761681544019 357013318008832.0 23
1761681544424 443543889903616.0 24
1761681544727 277065840459776.0 25
1761681545016 262015251644416.0 26
1761681545298 302665137389568.0 27
1761681545629 236442194280448.0 28
1761681545933 241373705928704.0 29
1761681546255 257013711896576.0 30
1761681546597 288146637979648.0 31
1761681546935 409742094630912.0 32
1761681547228 176143017705472.0 33
1761681547544 134417217486848.0 34
1761681547827 129222043500544.0 35
1761681548146 118372360519680.0 36
1761681548475 139234207858688.0 37
1761681548857 191764149305344.0 38
1761681549208 179418081263616.0 39
1761681549516 127269242667008.0 40
1761681549795 154892341608448.0 41
1761681550100 163670634004480.0 42
1761681550439 122665633316864.0 43
1761681550807 171492205658112.0 44
1761681551199 100621881442304.0 45
1761681551538 103182151712768.0 46
1761681551837 82083720462336.0 47
1761681552113 114192703029248.0 48
1761681552380 71457417723904.0 49
1761681552748 84749821411328.0 50
1761681553081 68341238595584.0 51
1761681553457 39949298565120.0 52
1761681553861 43967848644608.0 53
1761681554270 52372462108672.0 54
1761681554633 60169144762368.0 55
1761681554923 57081398820864.0 56
1761681555213 46432123879424.0 57
1761681555554 40856530714624.0 58
1761681555857 44465683169280.0 59
1761681556157 56635791769600.0 60
1761681556467 40037127290880.0 61
1761681556812 59898175946752.0 62
1761681557132 35037233807360.0 63
1761681557470 59246402076672.0 64
1761681557787 45964442206208.0 65
1761681558114 58719782043648.0 66
1761681558433 25329632542720.0 67
1761681558769 38746560921600.0 68
1761681559153 53884802301952.0 69
1761681559480 68671435177984.0 70
1761681559769 20903679229952.0 71
1761681560095 1.0874652862548828 72
1761681560417 1.081358551979065 73
1761681560739 1.075569987297058 74
1761681561046 1.0701655149459839 75
1761681561360 1.065022349357605 76
1761681561673 1.0604280233383179 77
1761681561989 1.0560070276260376 78
1761681562303 1.0518993139266968 79
1761681562608 1.0481425523757935 80
1761681562988 1.0446937084197998 81
1761681563307 1.0413833856582642 82
1761681563614 1.0383890867233276 83
1761681563918 1.0355489253997803 84
1761681564256 1.0331250429153442 85
1761681564575 1.0308631658554077 86
1761681564957 1.0287045240402222 87
1761681565316 1.0267959833145142 88
1761681565661 1.0250438451766968 89
1761681565984 1.023438572883606 90
1761681566378 1.0220025777816772 91
1761681566824 1.0206941366195679 92
1761681567230 1.0195420980453491 93
1761681567682 1.0185383558273315 94
1761681568177 1.0176007747650146 95
1761681568655 1.0167560577392578 96
1761681569131 1.0160259008407593 97
1761681569665 1.0153628587722778 98
1761681570251 1.014761209487915 99
