1761681423616 0.395361989736557 0
1761681424054 0.3891402781009674 1
1761681424524 0.3970588147640228 2
1761681424961 0.38178732991218567 3
1761681425364 0.3829185664653778 4
1761681425705 0.38800904154777527 5
1761681426103 0.3998868763446808 6
1761681426609 0.3727375566959381 7
1761681427030 0.37613123655319214 8
1761681427413 0.38800904154777527 9
1761681427789 0.3851810097694397 10
1761681428154 0.3930995464324951 11
1761681428584 0.3936651647090912 12
1761681428952 0.3642534017562866 13
1761681429298 0.38857465982437134 14
1761681429675 0.3704751133918762 15
1761681430332 0.38857465982437134 16
1761681430880 0.3897058963775635 17
1761681431358 0.38178732991218567 18
1761681431732 0.4021493196487427 19
1761681432088 0.38800904154777527 20
1761681432460 0.39253392815589905 21
1761681432739 0.37839367985725403 22
1761681433021 0.39253392815589905 23
1761681433338 0.4061085879802704 24
1761681433590 0.3834841549396515 25
1761681433844 0.3834841549396515 26
1761681434133 0.39875566959381104 27
1761681434480 0.395361989736557 28
1761681434781 0.4162895977497101 29
1761681435057 0.39479637145996094 30
1761681435334 0.37782806158065796 31
1761681435587 0.4055429995059967 32
1761681435836 0.37217193841934204 33
1761681436103 0.4010181128978729 34
1761681436366 0.3687782883644104 35
1761681436595 0.4021493196487427 36
1761681436848 0.3908371031284332 37
1761681437139 0.3851810097694397 38
1761681437467 0.38800904154777527 39
1761681437796 0.39423078298568726 40
1761681438138 0.3998868763446808 41
1761681438417 0.3914027214050293 42
1761681438679 0.4032805562019348 43
1761681438949 0.3829185664653778 44
1761681439239 0.3976244330406189 45
1761681439574 0.4038461446762085 46
1761681440038 0.40271493792533875 47
1761681440434 0.38404977321624756 48
1761681440793 0.3959276080131531 49
1761681441116 0.3874434530735016 50
1761681441385 0.3993212580680847 51
1761681441662 0.38178732991218567 52
1761681441928 0.38235294818878174 53
1761681442183 0.3710407316684723 54
1761681442428 0.3959276080131531 55
1761681442961 0.39196833968162537 56
1761681443155 0.3936651647090912 57
1761681443359 0.3874434530735016 58
1761681443572 0.4072398245334625 59
1761681443820 0.3930995464324951 60
1761681444044 0.3936651647090912 61
1761681444274 0.3868778347969055 62
1761681444536 0.39819005131721497 63
1761681444812 0.3569004535675049 64
1761681445086 0.39875566959381104 65
1761681445373 0.38800904154777527 66
1761681445685 0.39253392815589905 67
1761681446037 0.42138010263442993 68
1761681446435 0.40497738122940063 69
1761681446896 0.4219456911087036 70
1761681447378 0.38857465982437134 71
1761681447861 0.39253392815589905 72
1761681448357 0.37386876344680786 73
1761681448807 0.3970588147640228 74
1761681449198 0.40441176295280457 75
1761681449679 0.37556561827659607 76
1761681450040 0.40441176295280457 77
1761681450366 0.415723979473114 78
1761681450708 0.39253392815589905 79
1761681450974 0.395361989736557 80
1761681451227 0.41515836119651794 81
1761681451474 0.39423078298568726 82
1761681451749 0.3930995464324951 83
1761681452009 0.40893664956092834 84
1761681452284 0.41459277272224426 85
1761681452536 0.3998868763446808 86
1761681452786 0.4247737526893616 87
1761681453100 0.41685521602630615 88
1761681453447 0.4140271544456482 89
1761681453866 0.4281674325466156 90
1761681454405 0.4513574540615082 91
1761681454811 0.44966062903404236 92
1761681455194 0.4242081344127655 93
1761681455540 0.38800904154777527 94
1761681455871 0.4010181128978729 95
1761681456208 0.4010181128978729 96
1761681456522 0.38404977321624756 97
1761681456803 0.3795248866081238 98
1761681457069 0.3976244330406189 99
