1761681423616 5935194368376832.0 0
1761681424054 2616013040386048.0 1
1761681424524 2417392814653440.0 2
1761681424961 4599385988005888.0 3
1761681425364 2878862622982144.0 4
1761681425705 1272731819573248.0 5
1761681426103 2126190676541440.0 6
1761681426609 1747787414765568.0 7
1761681427030 1557996970704896.0 8
1761681427413 1471487336775680.0 9
1761681427789 1526101201387520.0 10
1761681428154 1496594641846272.0 11
1761681428584 1683997620961280.0 12
1761681428952 992577880850432.0 13
1761681429298 1205490885328896.0 14
1761681429675 1303734235693056.0 15
1761681430332 1298586717388800.0 16
1761681430880 868399102033920.0 17
1761681431358 866007140794368.0 18
1761681431732 852675562307584.0 19
1761681432088 668419317825536.0 20
1761681432460 641253985222656.0 21
1761681432739 738057313583104.0 22
1761681433021 612630913875968.0 23
1761681433338 621511027195904.0 24
1761681433590 441108811218944.0 25
1761681433844 572454313394176.0 26
1761681434133 482292581531648.0 27
1761681434480 308518875824128.0 28
1761681434781 417612219547648.0 29
1761681435057 395207958855680.0 30
1761681435334 474128352018432.0 31
1761681435587 420810862886912.0 32
1761681435836 624739366207488.0 33
1761681436103 436800287932416.0 34
1761681436366 358785025572864.0 35
1761681436595 212571554578432.0 36
1761681436848 230864407494656.0 37
1761681437139 312487257833472.0 38
1761681437467 351865128615936.0 39
1761681437796 179623417610240.0 40
1761681438138 140035923902464.0 41
1761681438417 242737945247744.0 42
1761681438679 225351145881600.0 43
1761681438949 164520215445504.0 44
1761681439239 262152019509248.0 45
1761681439574 118806823305216.0 46
1761681440038 238003700105216.0 47
1761681440434 105804128583680.0 48
1761681440793 140253574725632.0 49
1761681441116 161960045838336.0 50
1761681441385 148980805664768.0 51
1761681441662 132330719019008.0 52
1761681441928 87820630753280.0 53
1761681442183 80455139328000.0 54
1761681442428 90557078568960.0 55
1761681442961 157293479985152.0 56
1761681443155 184161419657216.0 57
1761681443359 112837397577728.0 58
1761681443572 73381621792768.0 59
1761681443820 46874962690048.0 60
1761681444044 26451399147520.0 61
1761681444274 30111109742592.0 62
1761681444536 25554973622272.0 63
1761681444812 27548744417280.0 64
1761681445086 23286954065920.0 65
1761681445373 23320619646976.0 66
1761681445685 32220509110272.0 67
1761681446037 25181644914688.0 68
1761681446435 27177898737664.0 69
1761681446896 16188407021568.0 70
1761681447378 11633119199232.0 71
1761681447861 6731250270208.0 72
1761681448357 9168052289536.0 73
1761681448807 5630667522048.0 74
1761681449198 5144334827520.0 75
1761681449679 3117715030016.0 76
1761681450040 4533275066368.0 77
1761681450366 2974833967104.0 78
1761681450708 8219208974336.0 79
1761681450974 6647774707712.0 80
1761681451227 3211630477312.0 81
1761681451474 1481696608256.0 82
1761681451749 1460166852608.0 83
1761681452009 7703859560448.0 84
1761681452284 4209807982592.0 85
1761681452536 2832027090944.0 86
1761681452786 688503259136.0 87
1761681453100 1200050667520.0 88
1761681453447 901874450432.0 89
1761681453866 292234199040.0 90
1761681454405 236986826752.0 91
1761681454811 176001646592.0 92
1761681455194 1153122435072.0 93
1761681455540 5559727161344.0 94
1761681455871 4117272985600.0 95
1761681456208 10275008806912.0 96
1761681456522 9521402478592.0 97
1761681456803 4254502486016.0 98
1761681457069 2276578820096.0 99
