1761682570484 0.3829185664653778 0
1761682570793 0.37217193841934204 1
1761682571062 0.38178732991218567 2
1761682571323 0.39875566959381104 3
1761682571582 0.3874434530735016 4
1761682571989 0.37839367985725403 5
1761682572454 0.3936651647090912 6
1761682572889 0.38631221652030945 7
1761682573252 0.4134615361690521 8
1761682573559 0.36595022678375244 9
1761682573825 0.3733031749725342 10
1761682574089 0.3976244330406189 11
1761682574351 0.3857465982437134 12
1761682574620 0.36990949511528015 13
1761682574842 0.4095022678375244 14
1761682575066 0.3851810097694397 15
1761682575286 0.4021493196487427 16
1761682575508 0.39423078298568726 17
1761682575752 0.38800904154777527 18
1761682575971 0.3976244330406189 19
1761682576191 0.395361989736557 20
1761682576436 0.4015837013721466 21
1761682576671 0.4021493196487427 22
1761682576918 0.3874434530735016 23
1761682577159 0.39027148485183716 24
1761682577415 0.3868778347969055 25
1761682577649 0.37386876344680786 26
1761682577872 0.4032805562019348 27
1761682578190 0.38235294818878174 28
1761682578469 0.40497738122940063 29
1761682578727 0.3806561231613159 30
1761682578964 0.3891402781009674 31
1761682579194 0.39479637145996094 32
1761682579422 0.37839367985725403 33
1761682579644 0.39649322628974915 34
1761682579862 0.3891402781009674 35
1761682580081 0.39253392815589905 36
1761682580300 0.36990949511528015 37
1761682580518 0.4078054428100586 38
1761682580736 0.3772624433040619 39
1761682580952 0.3936651647090912 40
1761682581170 0.39196833968162537 41
1761682581386 0.3930995464324951 42
1761682581602 0.39819005131721497 43
1761682581821 0.38235294818878174 44
1761682582042 0.3891402781009674 45
1761682582266 0.3789592683315277 46
1761682582488 0.3998868763446808 47
1761682582714 0.39649322628974915 48
1761682582964 0.3897058963775635 49
1761682583220 0.4095022678375244 50
1761682583480 0.39253392815589905 51
1761682583756 0.38235294818878174 52
1761682583989 0.4061085879802704 53
1761682584238 0.3772624433040619 54
1761682584461 0.4055429995059967 55
1761682584683 0.40893664956092834 56
1761682584902 0.39649322628974915 57
1761682585122 0.3687782883644104 58
1761682585367 0.39819005131721497 59
1761682585585 0.38461539149284363 60
1761682585828 0.37782806158065796 61
1761682586048 0.3914027214050293 62
1761682586268 0.3857465982437134 63
1761682586518 0.39423078298568726 64
1761682586741 0.395361989736557 65
1761682586970 0.38235294818878174 66
1761682587231 0.3789592683315277 67
1761682587487 0.40893664956092834 68
1761682587740 0.36368778347969055 69
1761682587975 0.3772624433040619 70
1761682588201 0.39196833968162537 71
1761682588439 0.3608597218990326 72
1761682588669 0.38800904154777527 73
1761682588896 0.4100678861141205 74
1761682589127 0.3993212580680847 75
1761682589396 0.3795248866081238 76
1761682589644 0.4021493196487427 77
1761682589925 0.3976244330406189 78
1761682590176 0.36990949511528015 79
1761682590432 0.38235294818878174 80
1761682590763 0.3936651647090912 81
1761682591087 0.3959276080131531 82
1761682591419 0.4134615361690521 83
1761682591715 0.3908371031284332 84
1761682592038 0.3829185664653778 85
1761682592370 0.3834841549396515 86
1761682592729 0.38857465982437134 87
1761682593115 0.38178732991218567 88
1761682593424 0.3868778347969055 89
1761682593692 0.3693438768386841 90
1761682593956 0.40667420625686646 91
1761682594262 0.37386876344680786 92
1761682594554 0.3897058963775635 93
1761682594856 0.38857465982437134 94
1761682595304 0.38800904154777527 95
1761682595722 0.3789592683315277 96
1761682596085 0.3874434530735016 97
1761682596414 0.3670814335346222 98
1761682596741 0.3812217116355896 99
