1761682570484 3855227337834496.0 0
1761682570793 2318503071711232.0 1
1761682571062 2463932543401984.0 2
1761682571323 1728635350286336.0 3
1761682571582 1679707888156672.0 4
1761682571989 1440630815326208.0 5
1761682572454 1680926585126912.0 6
1761682572889 1364761694437376.0 7
1761682573252 1061951199248384.0 8
1761682573559 1101333230780416.0 9
1761682573825 748824192614400.0 10
1761682574089 662776737431552.0 11
1761682574351 1087902935154688.0 12
1761682574620 1221000146452480.0 13
1761682574842 684146749865984.0 14
1761682575066 564633043730432.0 15
1761682575286 805812503052288.0 16
1761682575508 662588161523712.0 17
1761682575752 395155580387328.0 18
1761682575971 458050410381312.0 19
1761682576191 572184669978624.0 20
1761682576436 556766744018944.0 21
1761682576671 550560012959744.0 22
1761682576918 423277046530048.0 23
1761682577159 451094979280896.0 24
1761682577415 445439815974912.0 25
1761682577649 535254997663744.0 26
1761682577872 402415752839168.0 27
1761682578190 379320774164480.0 28
1761682578469 304635352973312.0 29
1761682578727 348434791923712.0 30
1761682578964 413108610793472.0 31
1761682579194 450644108378112.0 32
1761682579422 224705189511168.0 33
1761682579644 229252200923136.0 34
1761682579862 305385260974080.0 35
1761682580081 335162604781568.0 36
1761682580300 219918851112960.0 37
1761682580518 134068284948480.0 38
1761682580736 143234256863232.0 39
1761682580952 140038213992448.0 40
1761682581170 159037773578240.0 41
1761682581386 105897644785664.0 42
1761682581602 203135830196224.0 43
1761682581821 172561937727488.0 44
1761682582042 151209457483776.0 45
1761682582266 180920178966528.0 46
1761682582488 169314623684608.0 47
1761682582714 275904823558144.0 48
1761682582964 128934674956288.0 49
1761682583220 158898623348736.0 50
1761682583480 93022876336128.0 51
1761682583756 60371050168320.0 52
1761682583989 85751295377408.0 53
1761682584238 100108565741568.0 54
1761682584461 120954692829184.0 55
1761682584683 100071798472704.0 56
1761682584902 160826442907648.0 57
1761682585122 165623317397504.0 58
1761682585367 86601682124800.0 59
1761682585585 53600793395200.0 60
1761682585828 49941481259008.0 61
1761682586048 53279992053760.0 62
1761682586268 68615575437312.0 63
1761682586518 45722883850240.0 64
1761682586741 53677855342592.0 65
1761682586970 46767991160832.0 66
1761682587231 46214422724608.0 67
1761682587487 48504533680128.0 68
1761682587740 95731096485888.0 69
1761682587975 69711039561728.0 70
1761682588201 60708372873216.0 71
1761682588439 87973253087232.0 72
1761682588669 53066460037120.0 73
1761682588896 30695128825856.0 74
1761682589127 28982072311808.0 75
1761682589396 31617282211840.0 76
1761682589644 35651265232896.0 77
1761682589925 22702234533888.0 78
1761682590176 43734167191552.0 79
1761682590432 45505497268224.0 80
1761682590763 32485050155008.0 81
1761682591087 26523375501312.0 82
1761682591419 39287655497728.0 83
1761682591715 21001886760960.0 84
1761682592038 26279483015168.0 85
1761682592370 33488688381952.0 86
1761682592729 19895228039168.0 87
1761682593115 19564312133632.0 88
1761682593424 51591260405760.0 89
1761682593692 43399243628544.0 90
1761682593956 21355097489408.0 91
1761682594262 17128011857920.0 92
1761682594554 11678764761088.0 93
1761682594856 18020304945152.0 94
1761682595304 23169891041280.0 95
1761682595722 10584978358272.0 96
1761682596085 15928170381312.0 97
1761682596414 25941587787776.0 98
1761682596741 13613558398976.0 99
