1761681509434 0.37443438172340393 0
1761681509685 0.3970588147640228 1
1761681509921 0.3851810097694397 2
1761681510140 0.38178732991218567 3
1761681510427 0.3874434530735016 4
1761681510729 0.3998868763446808 5
1761681510980 0.39479637145996094 6
1761681511194 0.38631221652030945 7
1761681511451 0.3806561231613159 8
1761681511741 0.3789592683315277 9
1761681512044 0.37782806158065796 10
1761681512314 0.38631221652030945 11
1761681512630 0.3914027214050293 12
1761681512912 0.3970588147640228 13
1761681513148 0.39196833968162537 14
1761681513410 0.38631221652030945 15
1761681513634 0.3851810097694397 16
1761681513872 0.375 17
1761681514088 0.37839367985725403 18
1761681514295 0.4078054428100586 19
1761681514495 0.3733031749725342 20
1761681514687 0.3914027214050293 21
1761681514877 0.3868778347969055 22
1761681515069 0.3687782883644104 23
1761681515264 0.3976244330406189 24
1761681515453 0.3806561231613159 25
1761681515645 0.38235294818878174 26
1761681515841 0.39253392815589905 27
1761681516035 0.38178732991218567 28
1761681516221 0.38461539149284363 29
1761681516400 0.40497738122940063 30
1761681516574 0.37613123655319214 31
1761681516741 0.3874434530735016 32
1761681516915 0.395361989736557 33
1761681517088 0.39253392815589905 34
1761681517252 0.40045249462127686 35
1761681517418 0.3874434530735016 36
1761681517583 0.3693438768386841 37
1761681517751 0.39819005131721497 38
1761681517919 0.39253392815589905 39
1761681518084 0.38857465982437134 40
1761681518253 0.3648189902305603 41
1761681518435 0.4010181128978729 42
1761681518609 0.4055429995059967 43
1761681518793 0.38009050488471985 44
1761681518963 0.36764705181121826 45
1761681519133 0.4015837013721466 46
1761681519302 0.3874434530735016 47
1761681519467 0.3891402781009674 48
1761681519640 0.38800904154777527 49
1761681519811 0.38461539149284363 50
1761681519978 0.4123303294181824 51
1761681520160 0.39253392815589905 52
1761681520332 0.37386876344680786 53
1761681520510 0.3998868763446808 54
1761681520686 0.37443438172340393 55
1761681520875 0.3976244330406189 56
1761681521082 0.38235294818878174 57
1761681521301 0.38461539149284363 58
1761681521517 0.38800904154777527 59
1761681521764 0.3834841549396515 60
1761681522014 0.3908371031284332 61
1761681522266 0.4038461446762085 62
1761681522482 0.38631221652030945 63
1761681522686 0.38631221652030945 64
1761681522883 0.38178732991218567 65
1761681523092 0.38178732991218567 66
1761681523336 0.3936651647090912 67
1761681523574 0.3908371031284332 68
1761681523811 0.3829185664653778 69
1761681524038 0.38235294818878174 70
1761681524328 0.39819005131721497 71
1761681524761 0.38235294818878174 72
1761681525033 0.39819005131721497 73
1761681525314 0.3976244330406189 74
1761681525554 0.3857465982437134 75
1761681525759 0.38404977321624756 76
1761681525983 0.3868778347969055 77
1761681526247 0.4015837013721466 78
1761681526503 0.37782806158065796 79
1761681526722 0.3891402781009674 80
1761681526946 0.39649322628974915 81
1761681527183 0.3789592683315277 82
1761681527424 0.3976244330406189 83
1761681527697 0.415723979473114 84
1761681527941 0.3687782883644104 85
1761681528161 0.4021493196487427 86
1761681528383 0.39027148485183716 87
1761681528637 0.36821267008781433 88
1761681528902 0.395361989736557 89
1761681529179 0.39253392815589905 90
1761681529500 0.37386876344680786 91
1761681529787 0.3795248866081238 92
1761681530016 0.38857465982437134 93
1761681530238 0.39479637145996094 94
1761681530463 0.3908371031284332 95
1761681530687 0.3812217116355896 96
1761681530980 0.38800904154777527 97
1761681531222 0.37386876344680786 98
1761681531465 0.40667420625686646 99
