1761681509434 2.7386994254413824e+16 0
1761681509685 4148039417593856.0 1
1761681509921 4285260669911040.0 2
1761681510140 3094341669093376.0 3
1761681510427 2952289652310016.0 4
1761681510729 5475425098661888.0 5
1761681510980 5152883255279616.0 6
1761681511194 2757551003271168.0 7
1761681511451 2759011023716352.0 8
1761681511741 4466316895322112.0 9
1761681512044 4623104408027136.0 10
1761681512314 5051355597111296.0 11
1761681512630 3376483707912192.0 12
1761681512912 2154970715521024.0 13
1761681513148 4483451667349504.0 14
1761681513410 4503804712058880.0 15
1761681513634 2918861921845248.0 16
1761681513872 2897234077155328.0 17
1761681514088 3676750508720128.0 18
1761681514295 5113038306803712.0 19
1761681514495 3342559908724736.0 20
1761681514687 3163843903619072.0 21
1761681514877 2107802847805440.0 22
1761681515069 3619169761230848.0 23
1761681515264 2168268068487168.0 24
1761681515453 3438431900270592.0 25
1761681515645 3075987126353920.0 26
1761681515841 2698327967662080.0 27
1761681516035 3209804617089024.0 28
1761681516221 3272966137708544.0 29
1761681516400 1900755359367168.0 30
1761681516574 2662318961852416.0 31
1761681516741 3256765252632576.0 32
1761681516915 2264712901296128.0 33
1761681517088 2767713432764416.0 34
1761681517252 2316329818259456.0 35
1761681517418 2585986118713344.0 36
1761681517583 2545290229841920.0 37
1761681517751 1518161685905408.0 38
1761681517919 3424293941673984.0 39
1761681518084 3100044043485184.0 40
1761681518253 2662120051179520.0 41
1761681518435 2522340072095744.0 42
1761681518609 1529905468669952.0 43
1761681518793 2599600091299840.0 44
1761681518963 2206279065927680.0 45
1761681519133 1646489537347584.0 46
1761681519302 1984229927813120.0 47
1761681519467 1527730738823168.0 48
1761681519640 1527307416109056.0 49
1761681519811 2953006106542080.0 50
1761681519978 2237822111055872.0 51
1761681520160 2019134321721344.0 52
1761681520332 2107239938654208.0 53
1761681520510 2539312709107712.0 54
1761681520686 1948147504906240.0 55
1761681520875 1790370539110400.0 56
1761681521082 2256879417819136.0 57
1761681521301 2534589318823936.0 58
1761681521517 2744321967128576.0 59
1761681521764 1790371747069952.0 60
1761681522014 1718957849444352.0 61
1761681522266 1860395685904384.0 62
1761681522482 2183517215653888.0 63
1761681522686 1058570992877568.0 64
1761681522883 1110179722559488.0 65
1761681523092 1638566664863744.0 66
1761681523336 1445122814246912.0 67
1761681523574 1266849324990464.0 68
1761681523811 1633863138803712.0 69
1761681524038 1069688985485312.0 70
1761681524328 2251829073149952.0 71
1761681524761 1426928527474688.0 72
1761681525033 1217036294291456.0 73
1761681525314 2314359233576960.0 74
1761681525554 1869401829670912.0 75
1761681525759 1301050954874880.0 76
1761681525983 2146909330341888.0 77
1761681526247 1348303245541376.0 78
1761681526503 1232468380221440.0 79
1761681526722 1445526809608192.0 80
1761681526946 1399118882668544.0 81
1761681527183 1299336860270592.0 82
1761681527424 1420332263014400.0 83
1761681527697 1198440696512512.0 84
1761681527941 907438140162048.0 85
1761681528161 1212289952776192.0 86
1761681528383 1099479214194688.0 87
1761681528637 1109950411571200.0 88
1761681528902 908027154661376.0 89
1761681529179 1086868653342720.0 90
1761681529500 1435191641899008.0 91
1761681529787 1452182800957440.0 92
1761681530016 1050917025611776.0 93
1761681530238 1062236009267200.0 94
1761681530463 1032439136780288.0 95
1761681530687 1344715337236480.0 96
1761681530980 933788234285056.0 97
1761681531222 1156962049851392.0 98
1761681531465 1185286016991232.0 99
