1761689137646 0.3404977321624756 0
1761689137889 0.334276020526886 1
1761689138128 0.2658371031284332 2
1761689138375 0.3382352888584137 3
1761689138601 0.33936652541160583 4
1761689138859 0.3359728455543518 5
1761689139109 0.34558823704719543 6
1761689139399 0.34502261877059937 7
1761689139661 0.3529411852359772 8
1761689139929 0.3212669789791107 9
1761689140185 0.30825790762901306 10
1761689140486 0.3376696705818176 11
1761689140837 0.27319005131721497 12
1761689141138 0.3591628968715668 13
1761689141477 0.28789591789245605 14
1761689141800 0.3484162986278534 15
1761689142062 0.3416289687156677 16
1761689142328 0.3631221652030945 17
1761689142586 0.3506787419319153 18
1761689142855 0.32861989736557007 19
1761689143147 0.3274886906147003 20
1761689143416 0.3320135772228241 21
1761689143709 0.3014705777168274 22
1761689143977 0.3501131236553192 23
1761689144316 0.3076923191547394 24
1761689144570 0.3240950107574463 25
1761689144837 0.3484162986278534 26
1761689145099 0.3274886906147003 27
1761689145379 0.27941176295280457 28
1761689145650 0.2975113093852997 29
1761689145914 0.31617647409439087 30
1761689146166 0.34728506207466125 31
1761689146429 0.3178732991218567 32
1761689146727 0.313914030790329 33
1761689147065 0.3274886906147003 34
1761689147413 0.3812217116355896 35
1761689147695 0.3071267008781433 36
1761689147996 0.3484162986278534 37
1761689148297 0.3359728455543518 38
1761689148578 0.3416289687156677 39
1761689148846 0.3133484125137329 40
1761689149121 0.3218325674533844 41
1761689149387 0.3399321138858795 42
1761689149640 0.34954750537872314 43
1761689149882 0.32918551564216614 44
1761689150117 0.34106335043907166 45
1761689150349 0.3116515874862671 46
1761689150578 0.31278279423713684 47
1761689150811 0.27997738122940063 48
1761689151048 0.3467194437980652 49
1761689151299 0.3704751133918762 50
1761689151557 0.2828054428100586 51
1761689151802 0.3461538553237915 52
1761689152063 0.2709276080131531 53
1761689152330 0.31674209237098694 54
1761689152611 0.38009050488471985 55
1761689152887 0.33314478397369385 56
1761689153198 0.26753392815589905 57
1761689153488 0.36595022678375244 58
1761689153857 0.38009050488471985 59
