1761689137646 1.870539861786624e+16 0
1761689137889 1.0050049526464512e+16 1
1761689138128 4058057168388096.0 2
1761689138375 5288649855860736.0 3
1761689138601 4298342334988288.0 4
1761689138859 2346500352901120.0 5
1761689139109 2820108275679232.0 6
1761689139399 3494774355001344.0 7
1761689139661 3809301520973824.0 8
1761689139929 4136520315305984.0 9
1761689140185 3783026790105088.0 10
1761689140486 3620685347815424.0 11
1761689140837 4631526838894592.0 12
1761689141138 8336252885532672.0 13
1761689141477 4259721989062656.0 14
1761689141800 3326611084541952.0 15
1761689142062 3518355336069120.0 16
1761689142328 2151285499363328.0 17
1761689142586 2033589168373760.0 18
1761689142855 1428947967410176.0 19
1761689143147 1017425139073024.0 20
1761689143416 2232533529919488.0 21
1761689143709 1230165204008960.0 22
1761689143977 1178462790352896.0 23
1761689144316 2877281806581760.0 24
1761689144570 996348660809728.0 25
1761689144837 2340219500101632.0 26
1761689145099 1959555340697600.0 27
1761689145379 1777614083588096.0 28
1761689145650 1068413111762944.0 29
1761689145914 761303421419520.0 30
1761689146166 740849176543232.0 31
1761689146429 1067044963352576.0 32
1761689146727 1282566086721536.0 33
1761689147065 1078896590061568.0 34
1761689147413 1674032894181376.0 35
1761689147695 2204341498806272.0 36
1761689147996 967330989342720.0 37
1761689148297 1236573429432320.0 38
1761689148578 2056610327298048.0 39
1761689148846 2529205308882944.0 40
1761689149121 1551144484601856.0 41
1761689149387 1648021901148160.0 42
1761689149640 1948784904896512.0 43
1761689149882 948584128184320.0 44
1761689150117 991275566235648.0 45
1761689150349 1844603896463360.0 46
1761689150578 1751833945047040.0 47
1761689150811 2296367615574016.0 48
1761689151048 3811924672249856.0 49
1761689151299 2386898278416384.0 50
1761689151557 2525991868039168.0 51
1761689151802 1383054765457408.0 52
1761689152063 1289976650137600.0 53
1761689152330 1545141596717056.0 54
1761689152611 1140402937659392.0 55
1761689152887 1396926436081664.0 56
1761689153198 1216978849103872.0 57
1761689153488 1521493372567552.0 58
1761689153857 1460520808873984.0 59
