1761689191430 0.3178732991218567 0
1761689191564 0.3733031749725342 1
1761689191682 0.2845022678375244 2
1761689191821 0.3156108558177948 3
1761689191974 0.3563348352909088 4
1761689192109 0.3376696705818176 5
1761689192231 0.32918551564216614 6
1761689192354 0.32692307233810425 7
1761689192475 0.3178732991218567 8
1761689192603 0.32692307233810425 9
1761689192727 0.2997737526893616 10
1761689192863 0.30825790762901306 11
1761689192991 0.34332579374313354 12
1761689193122 0.30429863929748535 13
1761689193248 0.3399321138858795 14
1761689193396 0.3009049892425537 15
1761689193523 0.3489818871021271 16
1761689193655 0.34332579374313354 17
1761689193781 0.2992081344127655 18
1761689193912 0.3274886906147003 19
1761689194038 0.3427601754665375 20
1761689194164 0.33484163880348206 21
1761689194289 0.3506787419319153 22
1761689194423 0.30033937096595764 23
1761689194550 0.33257919549942017 24
1761689194678 0.2845022678375244 25
1761689194809 0.3218325674533844 26
1761689194934 0.36538460850715637 27
1761689195064 0.3427601754665375 28
1761689195195 0.3195701241493225 29
1761689195323 0.3212669789791107 30
1761689195449 0.3178732991218567 31
1761689195605 0.31674209237098694 32
1761689195753 0.354638010263443 33
1761689195894 0.3365384638309479 34
1761689196036 0.35520362854003906 35
1761689196183 0.36368778347969055 36
1761689196330 0.31617647409439087 37
1761689196487 0.34558823704719543 38
1761689196635 0.3009049892425537 39
1761689196820 0.31617647409439087 40
1761689196989 0.3421945571899414 41
1761689197293 0.35746607184410095 42
1761689197443 0.3648189902305603 43
1761689197600 0.2986425459384918 44
1761689197748 0.3212669789791107 45
1761689197894 0.3421945571899414 46
1761689198037 0.3235294222831726 47
1761689198178 0.30656108260154724 48
1761689198316 0.3337104022502899 49
1761689198451 0.31447964906692505 50
1761689198583 0.31900453567504883 51
1761689198711 0.3359728455543518 52
1761689198841 0.3484162986278534 53
1761689198971 0.3031674325466156 54
1761689199099 0.32239818572998047 55
1761689199225 0.30656108260154724 56
1761689199353 0.3687782883644104 57
1761689199478 0.3009049892425537 58
1761689199603 0.33710408210754395 59
1761689199731 0.34502261877059937 60
1761689199858 0.334276020526886 61
1761689199982 0.34558823704719543 62
1761689200123 0.3320135772228241 63
1761689200262 0.2884615361690521 64
1761689200403 0.31674209237098694 65
1761689200539 0.34558823704719543 66
1761689200669 0.30429863929748535 67
1761689200800 0.3478506803512573 68
1761689200930 0.32692307233810425 69
1761689201061 0.3218325674533844 70
1761689201203 0.32918551564216614 71
1761689201331 0.31674209237098694 72
1761689201459 0.3280543088912964 73
1761689201583 0.3404977321624756 74
1761689201709 0.3257918655872345 75
1761689201838 0.28789591789245605 76
1761689201985 0.32692307233810425 77
1761689202134 0.3337104022502899 78
1761689202284 0.3569004535675049 79
1761689202434 0.3404977321624756 80
1761689202581 0.3048642575740814 81
1761689202727 0.35124433040618896 82
1761689202876 0.2890271544456482 83
1761689203140 0.36538460850715637 84
1761689203458 0.30995476245880127 85
1761689203670 0.331447958946228 86
1761689203911 0.33936652541160583 87
1761689204263 0.331447958946228 88
1761689204502 0.3365384638309479 89
1761689204797 0.3478506803512573 90
1761689205111 0.375 91
1761689205331 0.2686651647090912 92
1761689205705 0.30599546432495117 93
1761689205947 0.3427601754665375 94
1761689206258 0.3438914120197296 95
1761689206636 0.3585972785949707 96
1761689206884 0.3212669789791107 97
1761689207105 0.3201357424259186 98
1761689207445 0.31221720576286316 99
