1761689191430 5.933713356278989e+16 0
1761689191564 2.397196267814912e+16 1
1761689191682 2.138455411995443e+16 2
1761689191821 1.7014165050753024e+16 3
1761689191974 1.1043054555234304e+16 4
1761689192109 1.1994849372798976e+16 5
1761689192231 6433060534878208.0 6
1761689192354 4853000048738304.0 7
1761689192475 8140918309781504.0 8
1761689192603 6724679687471104.0 9
1761689192727 5083739113652224.0 10
1761689192863 1.007918228963328e+16 11
1761689192991 8114420509048832.0 12
1761689193122 5738542311407616.0 13
1761689193248 5672980709376000.0 14
1761689193396 1.1610196396736512e+16 15
1761689193523 5312032194691072.0 16
1761689193655 6406026936975360.0 17
1761689193781 1.1305471688310784e+16 18
1761689193912 1.3502200357584896e+16 19
1761689194038 8289162327228416.0 20
1761689194164 4456278214574080.0 21
1761689194289 7250978000601088.0 22
1761689194423 1.1709411215015936e+16 23
1761689194550 6604174716305408.0 24
1761689194678 7791260190375936.0 25
1761689194809 8619653081333760.0 26
1761689194934 4966262631301120.0 27
1761689195064 6123474460344320.0 28
1761689195195 4820217637109760.0 29
1761689195323 8008261265522688.0 30
1761689195449 6070016076152832.0 31
1761689195605 4823094191456256.0 32
1761689195753 9699320349589504.0 33
1761689195894 7468161611857920.0 34
1761689196036 8401820393144320.0 35
1761689196183 7391549058973696.0 36
1761689196330 6429395854032896.0 37
1761689196487 5634636851970048.0 38
1761689196635 7585462537420800.0 39
1761689196820 6797317784993792.0 40
1761689196989 4919431381647360.0 41
1761689197293 7710208788791296.0 42
1761689197443 4088692364804096.0 43
1761689197600 7761479424016384.0 44
1761689197748 9788477428203520.0 45
1761689197894 1.0136801423392768e+16 46
1761689198037 4536855559143424.0 47
1761689198178 3953192320630784.0 48
1761689198316 7388318169825280.0 49
1761689198451 8087870631837696.0 50
1761689198583 2590635689246720.0 51
1761689198711 3343014369951744.0 52
1761689198841 3342771167428608.0 53
1761689198971 4932529421287424.0 54
1761689199099 3246598528172032.0 55
1761689199225 3731006414651392.0 56
1761689199353 5725980605808640.0 57
1761689199478 1.1530439927791616e+16 58
1761689199603 9725158872842240.0 59
1761689199731 1.1781086702993408e+16 60
1761689199858 1.3033500240248832e+16 61
1761689199982 9369532359507968.0 62
1761689200123 6419269931761664.0 63
1761689200262 8263693708034048.0 64
1761689200403 8360005665292288.0 65
1761689200539 5462213242388480.0 66
1761689200669 4316539037679616.0 67
1761689200800 7239953356423168.0 68
1761689200930 6317012666023936.0 69
1761689201061 9393218030403584.0 70
1761689201203 2781211172798464.0 71
1761689201331 3041120313409536.0 72
1761689201459 4712239474933760.0 73
1761689201583 4148720706781184.0 74
1761689201709 4123777684209664.0 75
1761689201838 7966150184927232.0 76
1761689201985 5697416925806592.0 77
1761689202134 5861644127174656.0 78
1761689202284 8730884681236480.0 79
1761689202434 1.5046786561343488e+16 80
1761689202581 1.2380504149983232e+16 81
1761689202727 1.2190842689159168e+16 82
1761689202876 8532681604202496.0 83
1761689203140 7527763409895424.0 84
1761689203458 3748794021707776.0 85
1761689203670 3465553813438464.0 86
1761689203911 6860235297783808.0 87
1761689204263 7818257817927680.0 88
1761689204502 8068016071770112.0 89
1761689204797 9232212591378432.0 90
1761689205111 1.496193733492736e+16 91
1761689205331 1.5633249313226752e+16 92
1761689205705 8068715077697536.0 93
1761689205947 8146335874154496.0 94
1761689206258 5002266268401664.0 95
1761689206636 6382911959859200.0 96
1761689206884 3010992460005376.0 97
1761689207105 3584158798446592.0 98
1761689207445 2850974326587392.0 99
