1761679944495 0.3795248866081238 0
1761679944796 0.3891402781009674 1
1761679945085 0.3891402781009674 2
1761679945359 0.39253392815589905 3
1761679945611 0.41515836119651794 4
1761679945854 0.3648189902305603 5
1761679946090 0.3891402781009674 6
1761679946330 0.38461539149284363 7
1761679946596 0.4032805562019348 8
1761679946826 0.38800904154777527 9
1761679947051 0.38631221652030945 10
1761679947302 0.39649322628974915 11
1761679947525 0.36538460850715637 12
1761679947755 0.3891402781009674 13
1761679947999 0.39819005131721497 14
1761679948247 0.36368778347969055 15
1761679948486 0.3874434530735016 16
1761679948724 0.3625565469264984 17
1761679948963 0.35803166031837463 18
1761679949191 0.39027148485183716 19
1761679949449 0.3959276080131531 20
1761679949687 0.37613123655319214 21
1761679949940 0.39479637145996094 22
1761679950234 0.3998868763446808 23
1761679950480 0.3874434530735016 24
1761679950709 0.4015837013721466 25
1761679950942 0.4140271544456482 26
1761679951177 0.39479637145996094 27
1761679951427 0.38178732991218567 28
1761679951652 0.3795248866081238 29
1761679951878 0.41119909286499023 30
1761679952102 0.3648189902305603 31
1761679952349 0.39423078298568726 32
1761679952572 0.38857465982437134 33
1761679952792 0.3914027214050293 34
1761679953014 0.3868778347969055 35
1761679953246 0.41515836119651794 36
1761679953480 0.3976244330406189 37
1761679953734 0.3874434530735016 38
1761679953995 0.3795248866081238 39
1761679954275 0.375 40
1761679954579 0.39649322628974915 41
1761679954895 0.39253392815589905 42
1761679955173 0.3851810097694397 43
1761679955441 0.39196833968162537 44
1761679955694 0.4083710312843323 45
1761679955942 0.39253392815589905 46
1761679956204 0.37613123655319214 47
1761679956444 0.41289591789245605 48
1761679956685 0.3789592683315277 49
1761679956923 0.41063347458839417 50
1761679957151 0.37443438172340393 51
1761679957399 0.375 52
1761679957640 0.38461539149284363 53
1761679957879 0.3897058963775635 54
1761679958130 0.38800904154777527 55
1761679958374 0.3970588147640228 56
1761679958640 0.3891402781009674 57
1761679958897 0.38857465982437134 58
1761679959134 0.38800904154777527 59
1761679959369 0.3976244330406189 60
1761679959612 0.38800904154777527 61
1761679959846 0.4015837013721466 62
1761679960097 0.3914027214050293 63
1761679960371 0.4032805562019348 64
1761679960619 0.39196833968162537 65
1761679960964 0.3812217116355896 66
1761679961198 0.3766968250274658 67
1761679961448 0.37613123655319214 68
1761679961699 0.38009050488471985 69
1761679961962 0.38461539149284363 70
1761679962225 0.37613123655319214 71
1761679962468 0.3795248866081238 72
1761679962739 0.3993212580680847 73
1761679962997 0.39196833968162537 74
1761679963242 0.3993212580680847 75
1761679963489 0.3687782883644104 76
1761679963763 0.3959276080131531 77
1761679964036 0.38009050488471985 78
1761679964307 0.3868778347969055 79
1761679964602 0.3795248866081238 80
1761679964908 0.40893664956092834 81
1761679965255 0.36368778347969055 82
1761679965711 0.39253392815589905 83
1761679966167 0.38857465982437134 84
1761679966576 0.37443438172340393 85
1761679966984 0.38857465982437134 86
1761679967291 0.4021493196487427 87
1761679967563 0.39027148485183716 88
1761679967877 0.38404977321624756 89
1761679968200 0.3851810097694397 90
1761679968503 0.4010181128978729 91
1761679968846 0.395361989736557 92
1761679969220 0.38800904154777527 93
1761679969534 0.38178732991218567 94
1761679969960 0.39875566959381104 95
1761679970447 0.375 96
1761679970913 0.3976244330406189 97
1761679971363 0.3897058963775635 98
1761679971902 0.3829185664653778 99
