1761679944495 5515777390149632.0 0
1761679944796 3378140759982080.0 1
1761679945085 4441384610168832.0 2
1761679945359 3275074698215424.0 3
1761679945611 4357706030776320.0 4
1761679945854 2583359746211840.0 5
1761679946090 2196395943526400.0 6
1761679946330 2057910360211456.0 7
1761679946596 2733812182155264.0 8
1761679946826 1898680755945472.0 9
1761679947051 1490792677900288.0 10
1761679947302 1515354387906560.0 11
1761679947525 1661742174175232.0 12
1761679947755 1353176020156416.0 13
1761679947999 1542033919442944.0 14
1761679948247 1099212590678016.0 15
1761679948486 1411950500118528.0 16
1761679948724 1730218314170368.0 17
1761679948963 1148106229940224.0 18
1761679949191 984636284993536.0 19
1761679949449 1161969042194432.0 20
1761679949687 569886325604352.0 21
1761679949940 1206872254185472.0 22
1761679950234 775411717898240.0 23
1761679950480 870929911513088.0 24
1761679950709 872854795059200.0 25
1761679950942 589471443582976.0 26
1761679951177 704108751224832.0 27
1761679951427 730182289719296.0 28
1761679951652 581267317850112.0 29
1761679951878 470163526778880.0 30
1761679952102 622483904397312.0 31
1761679952349 340810151231488.0 32
1761679952572 339742650531840.0 33
1761679952792 414317509869568.0 34
1761679953014 434444498370560.0 35
1761679953246 394513180786688.0 36
1761679953480 318491353677824.0 37
1761679953734 423690000924672.0 38
1761679953995 325239116398592.0 39
1761679954275 286564311629824.0 40
1761679954579 441317553340416.0 41
1761679954895 315363912843264.0 42
1761679955173 363205687771136.0 43
1761679955441 412357830377472.0 44
1761679955694 249276244426752.0 45
1761679955942 120903757201408.0 46
1761679956204 183248286121984.0 47
1761679956444 160685480738816.0 48
1761679956685 123410650759168.0 49
1761679956923 153664819822592.0 50
1761679957151 138635949113344.0 51
1761679957399 377875819659264.0 52
1761679957640 147399754383360.0 53
1761679957879 121574720012288.0 54
1761679958130 129216716734464.0 55
1761679958374 171001170100224.0 56
1761679958640 231170189033472.0 57
1761679958897 215807158124544.0 58
1761679959134 256151849533440.0 59
1761679959369 161742193688576.0 60
1761679959612 156739093659648.0 61
1761679959846 95077573591040.0 62
1761679960097 114648237998080.0 63
1761679960371 103440562782208.0 64
1761679960619 86453941960704.0 65
1761679960964 64276668612608.0 66
1761679961198 56291363913728.0 67
1761679961448 82438340476928.0 68
1761679961699 65060584030208.0 69
1761679961962 53390105116672.0 70
1761679962225 61243859664896.0 71
1761679962468 72957955145728.0 72
1761679962739 84422422429696.0 73
1761679962997 179289215467520.0 74
1761679963242 105891453992960.0 75
1761679963489 76496748150784.0 76
1761679963763 42757875826688.0 77
1761679964036 32022707830784.0 78
1761679964307 33771155881984.0 79
1761679964602 25760339329024.0 80
1761679964908 20052514439168.0 81
1761679965255 17086991564800.0 82
1761679965711 15310114521088.0 83
1761679966167 16749573439488.0 84
1761679966576 14107008827392.0 85
1761679966984 10123225333760.0 86
1761679967291 6528982581248.0 87
1761679967563 4518182387712.0 88
1761679967877 5198247362560.0 89
1761679968200 1701625987072.0 90
1761679968503 3070216896512.0 91
1761679968846 2127981051904.0 92
1761679969220 3690820009984.0 93
1761679969534 22017350828032.0 94
1761679969960 20148394131456.0 95
1761679970447 21152485343232.0 96
1761679970913 22435311124480.0 97
1761679971363 24775544012800.0 98
1761679971902 19516373336064.0 99
