1761680338127 0.37386876344680786 0
1761680338339 0.3976244330406189 1
1761680338505 0.39479637145996094 2
1761680338864 0.36990949511528015 3
1761680339103 0.34954750537872314 4
1761680339330 0.3976244330406189 5
1761680339581 0.39027148485183716 6
1761680339878 0.37839367985725403 7
1761680340103 0.3569004535675049 8
1761680340299 0.4021493196487427 9
1761680340508 0.3851810097694397 10
1761680340677 0.36764705181121826 11
1761680340836 0.38235294818878174 12
1761680340997 0.39875566959381104 13
1761680341155 0.41459277272224426 14
1761680341312 0.37613123655319214 15
1761680341467 0.40045249462127686 16
1761680341614 0.3970588147640228 17
1761680341766 0.4202488660812378 18
1761680341921 0.3936651647090912 19
1761680342078 0.38857465982437134 20
1761680342234 0.4326923191547394 21
1761680342405 0.37839367985725403 22
1761680342558 0.36368778347969055 23
1761680342714 0.375 24
1761680342883 0.36821267008781433 25
1761680343050 0.4123303294181824 26
1761680343210 0.3851810097694397 27
1761680343369 0.395361989736557 28
1761680343529 0.36821267008781433 29
1761680343685 0.38461539149284363 30
1761680343844 0.3806561231613159 31
1761680344012 0.39253392815589905 32
1761680344209 0.3976244330406189 33
1761680344389 0.37613123655319214 34
1761680344544 0.395361989736557 35
1761680344696 0.38461539149284363 36
1761680344833 0.38631221652030945 37
1761680344979 0.3897058963775635 38
1761680345151 0.4072398245334625 39
1761680345319 0.37386876344680786 40
1761680345501 0.39253392815589905 41
1761680345726 0.3806561231613159 42
1761680345952 0.4038461446762085 43
1761680346189 0.39253392815589905 44
1761680346409 0.37443438172340393 45
1761680346608 0.3868778347969055 46
1761680346786 0.39423078298568726 47
1761680346955 0.38800904154777527 48
1761680347139 0.3795248866081238 49
1761680347387 0.38178732991218567 50
1761680347556 0.3642534017562866 51
1761680347717 0.39479637145996094 52
1761680347884 0.38178732991218567 53
1761680348043 0.37556561827659607 54
1761680348198 0.3908371031284332 55
1761680348356 0.3930995464324951 56
1761680348556 0.3772624433040619 57
1761680348760 0.3710407316684723 58
1761680348932 0.3829185664653778 59
1761680349091 0.3874434530735016 60
1761680349256 0.39027148485183716 61
1761680349418 0.4083710312843323 62
1761680349576 0.3976244330406189 63
1761680349730 0.3829185664653778 64
1761680349880 0.3829185664653778 65
1761680350034 0.395361989736557 66
1761680350185 0.3993212580680847 67
1761680350339 0.38235294818878174 68
1761680350498 0.395361989736557 69
1761680350655 0.3976244330406189 70
1761680350815 0.395361989736557 71
1761680350971 0.37386876344680786 72
1761680351127 0.4021493196487427 73
1761680351295 0.3851810097694397 74
1761680351449 0.4038461446762085 75
1761680351623 0.39479637145996094 76
1761680351779 0.3829185664653778 77
1761680351932 0.395361989736557 78
1761680352087 0.4032805562019348 79
1761680352237 0.40045249462127686 80
1761680352388 0.3970588147640228 81
1761680352539 0.375 82
1761680352696 0.3897058963775635 83
1761680352851 0.38631221652030945 84
1761680353003 0.4095022678375244 85
1761680353161 0.39479637145996094 86
1761680353317 0.4032805562019348 87
1761680353479 0.375 88
1761680353636 0.4219456911087036 89
1761680353833 0.3851810097694397 90
1761680353986 0.38800904154777527 91
1761680354171 0.4078054428100586 92
1761680354320 0.3693438768386841 93
1761680354475 0.3914027214050293 94
1761680354639 0.4032805562019348 95
1761680354799 0.3789592683315277 96
1761680354953 0.38178732991218567 97
1761680355126 0.3897058963775635 98
1761680355288 0.38009050488471985 99
