1761680338127 1.3293252346118144e+16 0
1761680338339 4604721948000256.0 1
1761680338505 7002158733983744.0 2
1761680338864 4451039428214784.0 3
1761680339103 6188362289381376.0 4
1761680339330 4395522949382144.0 5
1761680339581 4356581286215680.0 6
1761680339878 4409782240804864.0 7
1761680340103 4899075921018880.0 8
1761680340299 4285499040595968.0 9
1761680340508 5034906409238528.0 10
1761680340677 5996566766682112.0 11
1761680340836 6249566110220288.0 12
1761680340997 9391264894025728.0 13
1761680341155 3454185840312320.0 14
1761680341312 4449888108544000.0 15
1761680341467 2928087243161600.0 16
1761680341614 4483965721247744.0 17
1761680341766 3110157617725440.0 18
1761680341921 3521403689107456.0 19
1761680342078 4744388378886144.0 20
1761680342234 3596053710372864.0 21
1761680342405 4715747389472768.0 22
1761680342558 3660337559633920.0 23
1761680342714 4124700833742848.0 24
1761680342883 3077309170974720.0 25
1761680343050 4666521158680576.0 26
1761680343210 3140165212045312.0 27
1761680343369 3677007938322432.0 28
1761680343529 2676900375822336.0 29
1761680343685 3306009200164864.0 30
1761680343844 5382247930658816.0 31
1761680344012 4671161870843904.0 32
1761680344209 5055417025560576.0 33
1761680344389 4826417422401536.0 34
1761680344544 3732436370325504.0 35
1761680344696 3914450105008128.0 36
1761680344833 3034288899489792.0 37
1761680344979 3350184012546048.0 38
1761680345151 1945062510428160.0 39
1761680345319 1923956638482432.0 40
1761680345501 3915460227629056.0 41
1761680345726 2911923133743104.0 42
1761680345952 2397986273361920.0 43
1761680346189 3931845259427840.0 44
1761680346409 3425593437716480.0 45
1761680346608 4142146990899200.0 46
1761680346786 4744073772531712.0 47
1761680346955 2483504977805312.0 48
1761680347139 2998703753265152.0 49
1761680347387 4064528878796800.0 50
1761680347556 4542341306122240.0 51
1761680347717 3631374984544256.0 52
1761680347884 3958197031272448.0 53
1761680348043 3440412953935872.0 54
1761680348198 2940201735290880.0 55
1761680348356 3428754533646336.0 56
1761680348556 3102511502196736.0 57
1761680348760 3208376272027648.0 58
1761680348932 3919513334579200.0 59
1761680349091 3465247528583168.0 60
1761680349256 2036942598307840.0 61
1761680349418 1857141040218112.0 62
1761680349576 2559374232911872.0 63
1761680349730 3465561329631232.0 64
1761680349880 3264954949959680.0 65
1761680350034 2419973821562880.0 66
1761680350185 4458206118019072.0 67
1761680350339 3069679430008832.0 68
1761680350498 2544690276597760.0 69
1761680350655 3113237109276672.0 70
1761680350815 3188535402168320.0 71
1761680350971 2777593736593408.0 72
1761680351127 3100889078300672.0 73
1761680351295 2724116561920000.0 74
1761680351449 2162237800185856.0 75
1761680351623 2722727139999744.0 76
1761680351779 3075713590624256.0 77
1761680351932 4004928154501120.0 78
1761680352087 3010783348785152.0 79
1761680352237 2048857777111040.0 80
1761680352388 3757530522058752.0 81
1761680352539 2070392474697728.0 82
1761680352696 2396210035949568.0 83
1761680352851 2185335194779648.0 84
1761680353003 2657993392914432.0 85
1761680353161 2357496006049792.0 86
1761680353317 2968635760967680.0 87
1761680353479 3281238781591552.0 88
1761680353636 2530729485402112.0 89
1761680353833 3202445459062784.0 90
1761680353986 2267549727195136.0 91
1761680354171 1932075603066880.0 92
1761680354320 2256303355330560.0 93
1761680354475 1518647285645312.0 94
1761680354639 1761389039321088.0 95
1761680354799 2916609479933952.0 96
1761680354953 2623108326359040.0 97
1761680355126 2199290214612992.0 98
1761680355288 2357473189036032.0 99
