1761681822520 0.3959276080131531 0
1761681822724 0.375 1
1761681822883 0.3733031749725342 2
1761681823045 0.3891402781009674 3
1761681823204 0.3868778347969055 4
1761681823362 0.3993212580680847 5
1761681823519 0.4021493196487427 6
1761681823681 0.3936651647090912 7
1761681823931 0.3851810097694397 8
1761681824125 0.3710407316684723 9
1761681824293 0.375 10
1761681824459 0.38404977321624756 11
1761681824635 0.3993212580680847 12
1761681824799 0.39196833968162537 13
1761681824970 0.40893664956092834 14
1761681825168 0.3829185664653778 15
1761681825366 0.37386876344680786 16
1761681825561 0.395361989736557 17
1761681825830 0.38404977321624756 18
1761681826158 0.38857465982437134 19
1761681826399 0.41515836119651794 20
1761681826633 0.38857465982437134 21
1761681826825 0.3812217116355896 22
1761681827022 0.3795248866081238 23
1761681827207 0.395361989736557 24
1761681827384 0.38461539149284363 25
1761681827554 0.3976244330406189 26
1761681827715 0.40441176295280457 27
1761681827867 0.38404977321624756 28
1761681828014 0.39027148485183716 29
1761681828164 0.4015837013721466 30
1761681828314 0.375 31
1761681828464 0.3897058963775635 32
1761681828617 0.3998868763446808 33
1761681828767 0.38404977321624756 34
1761681828921 0.3789592683315277 35
1761681829079 0.3897058963775635 36
1761681829241 0.38235294818878174 37
1761681829394 0.39423078298568726 38
1761681829549 0.4078054428100586 39
1761681829699 0.38404977321624756 40
1761681829842 0.4072398245334625 41
1761681829986 0.395361989736557 42
1761681830127 0.3874434530735016 43
1761681830274 0.3789592683315277 44
1761681830442 0.3868778347969055 45
1761681830588 0.3891402781009674 46
1761681830734 0.38631221652030945 47
1761681830885 0.39819005131721497 48
1761681831027 0.41459277272224426 49
1761681831174 0.40893664956092834 50
1761681831321 0.3976244330406189 51
1761681831464 0.3993212580680847 52
1761681831607 0.3874434530735016 53
1761681831752 0.38461539149284363 54
1761681831893 0.41459277272224426 55
1761681832036 0.3733031749725342 56
1761681832179 0.38009050488471985 57
1761681832320 0.37839367985725403 58
1761681832461 0.3834841549396515 59
1761681832601 0.38235294818878174 60
1761681832742 0.3795248866081238 61
1761681832885 0.3772624433040619 62
1761681833034 0.3908371031284332 63
1761681833203 0.40497738122940063 64
1761681833365 0.39479637145996094 65
1761681833528 0.3444570004940033 66
1761681833689 0.39875566959381104 67
1761681833862 0.3772624433040619 68
1761681834023 0.3834841549396515 69
1761681834180 0.3851810097694397 70
1761681834356 0.3936651647090912 71
1761681834537 0.3812217116355896 72
1761681834729 0.39196833968162537 73
1761681834896 0.3914027214050293 74
1761681835058 0.395361989736557 75
1761681835217 0.37160632014274597 76
1761681835374 0.4032805562019348 77
1761681835527 0.39423078298568726 78
1761681835679 0.36199095845222473 79
1761681835825 0.3625565469264984 80
1761681835972 0.40497738122940063 81
1761681836117 0.395361989736557 82
1761681836265 0.40441176295280457 83
1761681836414 0.39423078298568726 84
1761681836559 0.38178732991218567 85
1761681836702 0.40893664956092834 86
1761681836857 0.38461539149284363 87
1761681837007 0.3993212580680847 88
1761681837161 0.3936651647090912 89
1761681837328 0.3914027214050293 90
1761681837492 0.37386876344680786 91
1761681837651 0.3665158450603485 92
1761681837810 0.4134615361690521 93
1761681837973 0.39819005131721497 94
1761681838131 0.37556561827659607 95
1761681838284 0.3891402781009674 96
1761681838436 0.3897058963775635 97
1761681838588 0.3834841549396515 98
1761681838742 0.4072398245334625 99
