1761681822520 6972037054595072.0 0
1761681822724 2926273693220864.0 1
1761681822883 1289811696549888.0 2
1761681823045 1981898029006848.0 3
1761681823204 2169059818864640.0 4
1761681823362 1994030908964864.0 5
1761681823519 2054475996987392.0 6
1761681823681 1911392248528896.0 7
1761681823931 2052025181274112.0 8
1761681824125 1979740479029248.0 9
1761681824293 1470655321079808.0 10
1761681824459 1640509466476544.0 11
1761681824635 2629790758600704.0 12
1761681824799 1858300681388032.0 13
1761681824970 1526100932952064.0 14
1761681825168 2125945192316928.0 15
1761681825366 2399350730784768.0 16
1761681825561 2236826081296384.0 17
1761681825830 2512265957867520.0 18
1761681826158 1810429512777728.0 19
1761681826399 1415380299939840.0 20
1761681826633 1380592138584064.0 21
1761681826825 1666325441150976.0 22
1761681827022 2130054536495104.0 23
1761681827207 1443893514076160.0 24
1761681827384 1027441741004800.0 25
1761681827554 1528866086584320.0 26
1761681827715 951858906529792.0 27
1761681827867 1420742566608896.0 28
1761681828014 1196636944465920.0 29
1761681828164 981636049010688.0 30
1761681828314 2126581518565376.0 31
1761681828464 1747618837299200.0 32
1761681828617 1400132092297216.0 33
1761681828767 1382858807574528.0 34
1761681828921 1450188862390272.0 35
1761681829079 1200847086157824.0 36
1761681829241 1256412017590272.0 37
1761681829394 1008981971566592.0 38
1761681829549 1374724944822272.0 39
1761681829699 1600528018571264.0 40
1761681829842 1343554353889280.0 41
1761681829986 1217062332530688.0 42
1761681830127 1135451914108928.0 43
1761681830274 1027109082365952.0 44
1761681830442 957374651170816.0 45
1761681830588 1029819340947456.0 46
1761681830734 998674184273920.0 47
1761681830885 903442612617216.0 48
1761681831027 1099987698057216.0 49
1761681831174 1397759928172544.0 50
1761681831321 1162817298235392.0 51
1761681831464 1451299782524928.0 52
1761681831607 1019696103030784.0 53
1761681831752 1180667316535296.0 54
1761681831893 920877294157824.0 55
1761681832036 718962828509184.0 56
1761681832179 1057982112595968.0 57
1761681832320 1192828516433920.0 58
1761681832461 1086565723930624.0 59
1761681832601 1231354775732224.0 60
1761681832742 1025713889083392.0 61
1761681832885 858020179345408.0 62
1761681833034 745200381067264.0 63
1761681833203 753909568110592.0 64
1761681833365 710973853794304.0 65
1761681833528 1062388749041664.0 66
1761681833689 836739623026688.0 67
1761681833862 639352187125760.0 68
1761681834023 688903828799488.0 69
1761681834180 804718360133632.0 70
1761681834356 726843153973248.0 71
1761681834537 796839041302528.0 72
1761681834729 884899426861056.0 73
1761681834896 710805477654528.0 74
1761681835058 972078538817536.0 75
1761681835217 1084901088559104.0 76
1761681835374 751151997779968.0 77
1761681835527 661851641741312.0 78
1761681835679 576590702444544.0 79
1761681835825 603496927723520.0 80
1761681835972 538858844323840.0 81
1761681836117 658483917619200.0 82
1761681836265 570823299563520.0 83
1761681836414 814248758345728.0 84
1761681836559 622374181404672.0 85
1761681836702 393331158810624.0 86
1761681836857 626154625040384.0 87
1761681837007 451209433448448.0 88
1761681837161 638963828129792.0 89
1761681837328 818706733072384.0 90
1761681837492 531271985922048.0 91
1761681837651 651177708486656.0 92
1761681837810 411260365570048.0 93
1761681837973 520098427174912.0 94
1761681838131 482562661154816.0 95
1761681838284 338560595001344.0 96
1761681838436 462038153297920.0 97
1761681838588 804416168919040.0 98
1761681838742 429831065960448.0 99
