1761689511898 0.2833710312843323 0
1761689512162 0.3263574540615082 1
1761689512451 0.36821267008781433 2
1761689512749 0.40045249462127686 3
1761689513091 0.35746607184410095 4
1761689513399 0.3178732991218567 5
1761689513748 0.3416289687156677 6
1761689514041 0.3252262473106384 7
1761689514332 0.2805429995059967 8
1761689514612 0.2986425459384918 9
1761689514888 0.32070136070251465 10
1761689515150 0.3359728455543518 11
1761689515398 0.3857465982437134 12
1761689515666 0.29807692766189575 13
1761689515996 0.4321267008781433 14
1761689516371 0.3303167521953583 15
1761689516709 0.37160632014274597 16
1761689517067 0.21662895381450653 17
1761689517403 0.43947964906692505 18
1761689517745 0.32861989736557007 19
1761689518126 0.2969456911087036 20
1761689518503 0.31674209237098694 21
1761689518824 0.3404977321624756 22
1761689519134 0.30599546432495117 23
1761689519446 0.3031674325466156 24
1761689519729 0.3427601754665375 25
1761689520015 0.31278279423713684 26
1761689520283 0.34332579374313354 27
1761689520658 0.28619909286499023 28
1761689520999 0.3037330210208893 29
1761689521334 0.3930995464324951 30
1761689521678 0.3506787419319153 31
1761689521986 0.2969456911087036 32
1761689522283 0.3484162986278534 33
1761689522556 0.35180994868278503 34
1761689522812 0.33936652541160583 35
1761689523063 0.3585972785949707 36
1761689523306 0.3178732991218567 37
1761689523555 0.34558823704719543 38
1761689523806 0.3569004535675049 39
1761689524048 0.24434389173984528 40
1761689524293 0.3416289687156677 41
1761689524534 0.3772624433040619 42
1761689524779 0.3274886906147003 43
1761689525043 0.30260181427001953 44
1761689525312 0.3540723919868469 45
1761689525617 0.25113123655319214 46
1761689525929 0.42307692766189575 47
1761689526246 0.3297511339187622 48
1761689526615 0.26527148485183716 49
1761689526947 0.33484163880348206 50
1761689527243 0.32692307233810425 51
1761689527511 0.34954750537872314 52
1761689527770 0.334276020526886 53
1761689528110 0.3178732991218567 54
1761689528418 0.3054298758506775 55
1761689528710 0.3320135772228241 56
1761689528987 0.34332579374313354 57
1761689529242 0.33314478397369385 58
1761689529491 0.3201357424259186 59
