1761689511898 1.3897887104630784e+16 0
1761689512162 7693919588450304.0 1
1761689512451 6895479799414784.0 2
1761689512749 3213084361490432.0 3
1761689513091 3904840384118784.0 4
1761689513399 3084660275937280.0 5
1761689513748 3985729650688000.0 6
1761689514041 5316778133553152.0 7
1761689514332 3160807361740800.0 8
1761689514612 2009843636371456.0 9
1761689514888 1772222557454336.0 10
1761689515150 3127126496641024.0 11
1761689515398 3725966807400448.0 12
1761689515666 1860489101443072.0 13
1761689515996 2966407746682880.0 14
1761689516371 1777802927931392.0 15
1761689516709 2304019905118208.0 16
1761689517067 3135236200202240.0 17
1761689517403 3103456395001856.0 18
1761689517745 3242225983029248.0 19
1761689518126 2430974574985216.0 20
1761689518503 2611752701263872.0 21
1761689518824 2071225564135424.0 22
1761689519134 3025809560305664.0 23
1761689519446 2485226454384640.0 24
1761689519729 989070570291200.0 25
1761689520015 1252259052650496.0 26
1761689520283 2339869997137920.0 27
1761689520658 3050510990966784.0 28
1761689520999 2934150931677184.0 29
1761689521334 2378105675055104.0 30
1761689521678 1199732005273600.0 31
1761689521986 1814237269721088.0 32
1761689522283 2401831074398208.0 33
1761689522556 2952967451836416.0 34
1761689522812 1746319341256704.0 35
1761689523063 983144052293632.0 36
1761689523306 913000592572416.0 37
1761689523555 2473770434428928.0 38
1761689523806 2771353685983232.0 39
1761689524048 1573027879845888.0 40
1761689524293 2299960355717120.0 41
1761689524534 1584550203359232.0 42
1761689524779 1164393014362112.0 43
1761689525043 1361191234437120.0 44
1761689525312 3083026309316608.0 45
1761689525617 3466505417129984.0 46
1761689525929 3235235923755008.0 47
1761689526246 1528423839170560.0 48
1761689526615 1801279756042240.0 49
1761689526947 1454807294410752.0 50
1761689527243 836952022581248.0 51
1761689527511 633426541543424.0 52
1761689527770 789482567630848.0 53
1761689528110 870355862290432.0 54
1761689528418 844502440869888.0 55
1761689528710 648645154177024.0 56
1761689528987 579553223245824.0 57
1761689529242 2124542348623872.0 58
1761689529491 1121992291909632.0 59
