1761681941103 0.395361989736557 0
1761681941282 0.3930995464324951 1
1761681941424 0.39649322628974915 2
1761681941590 0.39649322628974915 3
1761681941849 0.3914027214050293 4
1761681942013 0.3868778347969055 5
1761681942165 0.37217193841934204 6
1761681942296 0.38857465982437134 7
1761681942425 0.375 8
1761681942559 0.41063347458839417 9
1761681942701 0.37556561827659607 10
1761681942842 0.3766968250274658 11
1761681942985 0.3766968250274658 12
1761681943127 0.40045249462127686 13
1761681943289 0.39819005131721497 14
1761681943439 0.37386876344680786 15
1761681943588 0.41063347458839417 16
1761681943761 0.3897058963775635 17
1761681943940 0.38178732991218567 18
1761681944120 0.4117647111415863 19
1761681944304 0.38857465982437134 20
1761681944475 0.40667420625686646 21
1761681944635 0.3812217116355896 22
1761681944796 0.38235294818878174 23
1761681944962 0.36764705181121826 24
1761681945130 0.3998868763446808 25
1761681945289 0.38404977321624756 26
1761681945453 0.40271493792533875 27
1761681945607 0.40667420625686646 28
1761681945763 0.42081448435783386 29
1761681945914 0.3851810097694397 30
1761681946084 0.39027148485183716 31
1761681946253 0.354638010263443 32
1761681946414 0.37839367985725403 33
1761681946574 0.3727375566959381 34
1761681946729 0.38235294818878174 35
1761681946882 0.39253392815589905 36
1761681947032 0.37782806158065796 37
1761681947191 0.40441176295280457 38
1761681947344 0.37782806158065796 39
1761681947491 0.3789592683315277 40
1761681947637 0.39027148485183716 41
1761681947784 0.3970588147640228 42
1761681947935 0.37556561827659607 43
1761681948092 0.37386876344680786 44
1761681948256 0.37217193841934204 45
1761681948434 0.4032805562019348 46
1761681948595 0.3829185664653778 47
1761681948760 0.3914027214050293 48
1761681948919 0.3789592683315277 49
1761681949087 0.39423078298568726 50
1761681949252 0.3959276080131531 51
1761681949417 0.375 52
1761681949589 0.3857465982437134 53
1761681949765 0.3806561231613159 54
1761681949938 0.38235294818878174 55
1761681950128 0.38404977321624756 56
1761681950293 0.38857465982437134 57
1761681950455 0.3868778347969055 58
1761681950621 0.3897058963775635 59
1761681950804 0.4021493196487427 60
1761681950991 0.38009050488471985 61
1761681951238 0.39423078298568726 62
1761681951457 0.39253392815589905 63
1761681951695 0.3891402781009674 64
1761681951886 0.38857465982437134 65
1761681952068 0.395361989736557 66
1761681952262 0.3670814335346222 67
1761681952488 0.38404977321624756 68
1761681952740 0.3908371031284332 69
1761681952956 0.4078054428100586 70
1761681953143 0.40893664956092834 71
1761681953324 0.3930995464324951 72
1761681953501 0.37386876344680786 73
1761681953684 0.39819005131721497 74
1761681953852 0.38800904154777527 75
1761681954030 0.38461539149284363 76
1761681954198 0.3930995464324951 77
1761681954372 0.3868778347969055 78
1761681954549 0.40271493792533875 79
1761681954719 0.3914027214050293 80
1761681954914 0.415723979473114 81
1761681955121 0.3829185664653778 82
1761681955315 0.39649322628974915 83
1761681955498 0.39196833968162537 84
1761681955671 0.3834841549396515 85
1761681955860 0.4010181128978729 86
1761681956058 0.38461539149284363 87
1761681956228 0.3829185664653778 88
1761681956388 0.38009050488471985 89
1761681956542 0.4055429995059967 90
1761681956747 0.37556561827659607 91
1761681956899 0.3851810097694397 92
1761681957062 0.39479637145996094 93
1761681957221 0.4015837013721466 94
1761681957375 0.39649322628974915 95
1761681957539 0.39819005131721497 96
1761681957731 0.38404977321624756 97
1761681957920 0.38404977321624756 98
1761681958096 0.3914027214050293 99
