1761681941103 1.6889329678811136e+16 0
1761681941282 2960705372291072.0 1
1761681941424 5003000170938368.0 2
1761681941590 4570000358637568.0 3
1761681941849 3298389928181760.0 4
1761681942013 3723057503928320.0 5
1761681942165 2751906879373312.0 6
1761681942296 3354180211179520.0 7
1761681942425 3922637117980672.0 8
1761681942559 2926352613244928.0 9
1761681942701 3340288139460608.0 10
1761681942842 3000255578636288.0 11
1761681942985 4104107002429440.0 12
1761681943127 3722304274038784.0 13
1761681943289 3042750521933824.0 14
1761681943439 3347168677068800.0 15
1761681943588 3735726315274240.0 16
1761681943761 2895501057851392.0 17
1761681943940 2588219770142720.0 18
1761681944120 2036892266659840.0 19
1761681944304 2838098283069440.0 20
1761681944475 1835058063212544.0 21
1761681944635 2087202171387904.0 22
1761681944796 2912087684677632.0 23
1761681944962 2213270064726016.0 24
1761681945130 2047518015750144.0 25
1761681945289 2732310285778944.0 26
1761681945453 3575514371457024.0 27
1761681945607 2515323974582272.0 28
1761681945763 2105863401635840.0 29
1761681945914 2554037467611136.0 30
1761681946084 2624463120105472.0 31
1761681946253 2586910610423808.0 32
1761681946414 2844998148030464.0 33
1761681946574 2199719308689408.0 34
1761681946729 2370795372281856.0 35
1761681946882 3988822027141120.0 36
1761681947032 4029032853143552.0 37
1761681947191 4456110173978624.0 38
1761681947344 4178187940528128.0 39
1761681947491 2545956218208256.0 40
1761681947637 2268526832254976.0 41
1761681947784 2306590174609408.0 42
1761681947935 1593996178620416.0 43
1761681948092 2609973511061504.0 44
1761681948256 2243945392242688.0 45
1761681948434 2402305668284416.0 46
1761681948595 2193268402028544.0 47
1761681948760 1748369651269632.0 48
1761681948919 3636611086548992.0 49
1761681949087 2121862960119808.0 50
1761681949252 2094929891295232.0 51
1761681949417 2239723573608448.0 52
1761681949589 3161432011046912.0 53
1761681949765 1761034033430528.0 54
1761681949938 2323203108110336.0 55
1761681950128 1933029622677504.0 56
1761681950293 1472701470343168.0 57
1761681950455 3439442022891520.0 58
1761681950621 1485157546590208.0 59
1761681950804 1951614483038208.0 60
1761681950991 1348064337985536.0 61
1761681951238 1411748234002432.0 62
1761681951457 2020237725663232.0 63
1761681951695 2385346721480704.0 64
1761681951886 2082002039734272.0 65
1761681952068 1742902694772736.0 66
1761681952262 1735047199588352.0 67
1761681952488 1432273345839104.0 68
1761681952740 2137528316461056.0 69
1761681952956 1561891029647360.0 70
1761681953143 1599193760137216.0 71
1761681953324 2155233245396992.0 72
1761681953501 2084256763346944.0 73
1761681953684 998206234165248.0 74
1761681953852 1710849622278144.0 75
1761681954030 1400788416987136.0 76
1761681954198 1523736016584704.0 77
1761681954372 2413812959412224.0 78
1761681954549 2020818619990016.0 79
1761681954719 1091485139206144.0 80
1761681954914 1252237443596288.0 81
1761681955121 1314581309816832.0 82
1761681955315 1033869629325312.0 83
1761681955498 1625346755526656.0 84
1761681955671 1859369457156096.0 85
1761681955860 1960855105175552.0 86
1761681956058 1790091097800704.0 87
1761681956228 2416685218791424.0 88
1761681956388 1463746597748736.0 89
1761681956542 867499641929728.0 90
1761681956747 1763498942005248.0 91
1761681956899 1848102415761408.0 92
1761681957062 1290610292031488.0 93
1761681957221 937473651769344.0 94
1761681957375 1342780454469632.0 95
1761681957539 1340022548594688.0 96
1761681957731 830149801017344.0 97
1761681957920 1250268066873344.0 98
1761681958096 1207629107953664.0 99
