1761682049240 0.38235294818878174 0
1761682049443 0.4117647111415863 1
1761682049603 0.39196833968162537 2
1761682049771 0.39196833968162537 3
1761682049965 0.37782806158065796 4
1761682050137 0.36821267008781433 5
1761682050311 0.3970588147640228 6
1761682050494 0.3795248866081238 7
1761682050672 0.395361989736557 8
1761682050862 0.4202488660812378 9
1761682051095 0.3812217116355896 10
1761682051284 0.3908371031284332 11
1761682051465 0.36990949511528015 12
1761682051636 0.375 13
1761682051807 0.395361989736557 14
1761682051977 0.36821267008781433 15
1761682052143 0.40441176295280457 16
1761682052317 0.38404977321624756 17
1761682052497 0.4010181128978729 18
1761682052662 0.39479637145996094 19
1761682052833 0.40045249462127686 20
1761682053020 0.39196833968162537 21
1761682053195 0.40893664956092834 22
1761682053367 0.3693438768386841 23
1761682053538 0.3930995464324951 24
1761682053730 0.36595022678375244 25
1761682053921 0.39819005131721497 26
1761682054099 0.39649322628974915 27
1761682054277 0.38857465982437134 28
1761682054446 0.39649322628974915 29
1761682054608 0.36595022678375244 30
1761682054767 0.3908371031284332 31
1761682054996 0.4072398245334625 32
1761682055170 0.39649322628974915 33
1761682055347 0.4055429995059967 34
1761682055513 0.3936651647090912 35
1761682055707 0.41459277272224426 36
1761682055915 0.39253392815589905 37
1761682056097 0.4055429995059967 38
1761682056289 0.39253392815589905 39
1761682056730 0.4010181128978729 40
1761682057032 0.36990949511528015 41
1761682057304 0.39253392815589905 42
1761682057507 0.38857465982437134 43
1761682057711 0.39253392815589905 44
1761682057919 0.3834841549396515 45
1761682058126 0.3851810097694397 46
1761682058335 0.4032805562019348 47
1761682058524 0.3891402781009674 48
1761682058713 0.3868778347969055 49
1761682058893 0.3789592683315277 50
1761682059071 0.3834841549396515 51
1761682059248 0.3795248866081238 52
1761682059427 0.38178732991218567 53
1761682059617 0.4021493196487427 54
1761682059830 0.3766968250274658 55
1761682060046 0.3914027214050293 56
1761682060273 0.37556561827659607 57
1761682060474 0.39027148485183716 58
1761682060670 0.38178732991218567 59
1761682060896 0.38857465982437134 60
1761682061170 0.39196833968162537 61
1761682061395 0.3631221652030945 62
1761682061602 0.3959276080131531 63
1761682061799 0.4032805562019348 64
1761682061997 0.3874434530735016 65
1761682062191 0.395361989736557 66
1761682062382 0.39875566959381104 67
1761682062565 0.39649322628974915 68
1761682062743 0.3772624433040619 69
1761682062922 0.3874434530735016 70
1761682063102 0.3829185664653778 71
1761682063272 0.38631221652030945 72
1761682063445 0.3897058963775635 73
1761682063638 0.3959276080131531 74
1761682063812 0.3936651647090912 75
1761682063976 0.37556561827659607 76
1761682064146 0.3914027214050293 77
1761682064331 0.39819005131721497 78
1761682064507 0.38631221652030945 79
1761682064684 0.4032805562019348 80
1761682064857 0.3670814335346222 81
1761682065039 0.36990949511528015 82
1761682065249 0.4134615361690521 83
1761682065466 0.37613123655319214 84
1761682065688 0.3829185664653778 85
1761682065912 0.3936651647090912 86
1761682066127 0.39423078298568726 87
1761682066325 0.3959276080131531 88
1761682066518 0.37782806158065796 89
1761682066705 0.38178732991218567 90
1761682066883 0.41515836119651794 91
1761682067064 0.39253392815589905 92
1761682067252 0.37556561827659607 93
1761682067430 0.3976244330406189 94
1761682067611 0.3993212580680847 95
1761682067797 0.3874434530735016 96
1761682067976 0.39423078298568726 97
1761682068165 0.375 98
1761682068365 0.375 99
