1761682049240 4.046085537608499e+16 0
1761682049443 4688160814530560.0 1
1761682049603 5927193381175296.0 2
1761682049771 4997265315856384.0 3
1761682049965 3970627203497984.0 4
1761682050137 2419484732162048.0 5
1761682050311 3421095264780288.0 6
1761682050494 2957433680953344.0 7
1761682050672 3336553665396736.0 8
1761682050862 3296973662715904.0 9
1761682051095 2977476682711040.0 10
1761682051284 4358896810459136.0 11
1761682051465 4411050598334464.0 12
1761682051636 3952497609670656.0 13
1761682051807 3111857082597376.0 14
1761682051977 3127451035107328.0 15
1761682052143 3230281410543616.0 16
1761682052317 4543090241044480.0 17
1761682052497 2931957545566208.0 18
1761682052662 3153723618492416.0 19
1761682052833 4443216413720576.0 20
1761682053020 3908433661132800.0 21
1761682053195 4956749278740480.0 22
1761682053367 3884158505975808.0 23
1761682053538 5049849137332224.0 24
1761682053730 2704382797807616.0 25
1761682053921 3535705124896768.0 26
1761682054099 3426567321550848.0 27
1761682054277 3903041329692672.0 28
1761682054446 3229474225127424.0 29
1761682054608 2806162516869120.0 30
1761682054767 3939638746021888.0 31
1761682054996 2740603330756608.0 32
1761682055170 2362972626223104.0 33
1761682055347 1817758203379712.0 34
1761682055513 3021174485286912.0 35
1761682055707 2470345466445824.0 36
1761682055915 2028332128403456.0 37
1761682056097 2141420496355328.0 38
1761682056289 1812657527062528.0 39
1761682056730 2397165397737472.0 40
1761682057032 2631966964842496.0 41
1761682057304 2655434666147840.0 42
1761682057507 3489761054425088.0 43
1761682057711 3140603298709504.0 44
1761682057919 2856849304977408.0 45
1761682058126 3384367120384000.0 46
1761682058335 2656956426747904.0 47
1761682058524 2395070795874304.0 48
1761682058713 2328217750863872.0 49
1761682058893 2178442040705024.0 50
1761682059071 1804056989270016.0 51
1761682059248 2355136995262464.0 52
1761682059427 2353108428521472.0 53
1761682059617 1888345319800832.0 54
1761682059830 2814366441275392.0 55
1761682060046 4071765093384192.0 56
1761682060273 1709397252243456.0 57
1761682060474 2288828605792256.0 58
1761682060670 2583009169506304.0 59
1761682060896 3820215032872960.0 60
1761682061170 2144337987108864.0 61
1761682061395 2073593299075072.0 62
1761682061602 1843812011868160.0 63
1761682061799 1255831660134400.0 64
1761682061997 2118635963285504.0 65
1761682062191 1773937994235904.0 66
1761682062382 1693825982529536.0 67
1761682062565 942068327251968.0 68
1761682062743 1736305893441536.0 69
1761682062922 2367041570865152.0 70
1761682063102 2826175453855744.0 71
1761682063272 1869150439866368.0 72
1761682063445 1547552415547392.0 73
1761682063638 1789813267103744.0 74
1761682063812 1510519999561728.0 75
1761682063976 1644196293246976.0 76
1761682064146 1036498417745920.0 77
1761682064331 1522460142862336.0 78
1761682064507 1845153249624064.0 79
1761682064684 1015131962081280.0 80
1761682064857 1524476495790080.0 81
1761682065039 1796659176538112.0 82
1761682065249 1274701062078464.0 83
1761682065466 1826883398270976.0 84
1761682065688 1313215644434432.0 85
1761682065912 1710505622241280.0 86
1761682066127 827238819823616.0 87
1761682066325 994106687881216.0 88
1761682066518 1008793395658752.0 89
1761682066705 1501869935427584.0 90
1761682066883 1378925691273216.0 91
1761682067064 1273088167641088.0 92
1761682067252 1412098676490240.0 93
1761682067430 1183109944967168.0 94
1761682067611 1307812709793792.0 95
1761682067797 1576079856762880.0 96
1761682067976 1783047217217536.0 97
1761682068165 1270171079540736.0 98
1761682068365 1335559138050048.0 99
