1761681400506 0.3868778347969055 0
1761681400767 0.3704751133918762 1
1761681400977 0.4038461446762085 2
1761681401192 0.3727375566959381 3
1761681401406 0.39253392815589905 4
1761681401583 0.38235294818878174 5
1761681401757 0.39196833968162537 6
1761681401928 0.4032805562019348 7
1761681402095 0.3608597218990326 8
1761681402265 0.3851810097694397 9
1761681402431 0.3772624433040619 10
1761681402595 0.4021493196487427 11
1761681402756 0.4061085879802704 12
1761681402917 0.38461539149284363 13
1761681403078 0.37443438172340393 14
1761681403240 0.3789592683315277 15
1761681403571 0.3795248866081238 16
1761681403736 0.395361989736557 17
1761681403905 0.41685521602630615 18
1761681404089 0.3710407316684723 19
1761681404305 0.3908371031284332 20
1761681404520 0.3993212580680847 21
1761681404819 0.3733031749725342 22
1761681405057 0.37386876344680786 23
1761681405321 0.4021493196487427 24
1761681405613 0.3857465982437134 25
1761681405879 0.395361989736557 26
1761681406142 0.36821267008781433 27
1761681406401 0.3930995464324951 28
1761681406681 0.39479637145996094 29
1761681406939 0.39819005131721497 30
1761681407200 0.40497738122940063 31
1761681407460 0.3998868763446808 32
1761681407775 0.395361989736557 33
1761681408059 0.3914027214050293 34
1761681408281 0.3891402781009674 35
1761681408486 0.37839367985725403 36
1761681408695 0.39649322628974915 37
1761681408920 0.39027148485183716 38
1761681409112 0.3727375566959381 39
1761681409307 0.3908371031284332 40
1761681409506 0.39423078298568726 41
1761681409701 0.3851810097694397 42
1761681409887 0.4021493196487427 43
1761681410074 0.3766968250274658 44
1761681410261 0.3930995464324951 45
1761681410450 0.4072398245334625 46
1761681410639 0.3959276080131531 47
1761681410823 0.40893664956092834 48
1761681411006 0.38800904154777527 49
1761681411187 0.3812217116355896 50
1761681411370 0.4010181128978729 51
1761681411548 0.38235294818878174 52
1761681411720 0.4032805562019348 53
1761681411887 0.37556561827659607 54
1761681412061 0.3908371031284332 55
1761681412227 0.37613123655319214 56
1761681412399 0.37386876344680786 57
1761681412573 0.3829185664653778 58
1761681412737 0.3891402781009674 59
1761681412898 0.38178732991218567 60
1761681413062 0.3993212580680847 61
1761681413216 0.3806561231613159 62
1761681413374 0.37160632014274597 63
1761681413528 0.41685521602630615 64
1761681413686 0.4038461446762085 65
1761681413843 0.3914027214050293 66
1761681413996 0.4134615361690521 67
1761681414151 0.38800904154777527 68
1761681414308 0.38235294818878174 69
1761681414472 0.3914027214050293 70
1761681414633 0.3914027214050293 71
1761681414799 0.3868778347969055 72
1761681414975 0.39649322628974915 73
1761681415159 0.4010181128978729 74
1761681415329 0.39479637145996094 75
1761681415493 0.38857465982437134 76
1761681415657 0.39027148485183716 77
1761681415831 0.3998868763446808 78
1761681416168 0.415723979473114 79
1761681416614 0.3829185664653778 80
1761681416953 0.39027148485183716 81
1761681417215 0.3733031749725342 82
1761681417442 0.3897058963775635 83
1761681417668 0.4162895977497101 84
1761681417926 0.37613123655319214 85
1761681418144 0.40667420625686646 86
1761681418345 0.36368778347969055 87
1761681418555 0.3789592683315277 88
1761681418798 0.3936651647090912 89
1761681419056 0.3829185664653778 90
1761681419332 0.3851810097694397 91
1761681419561 0.3851810097694397 92
1761681419814 0.39875566959381104 93
1761681420053 0.4032805562019348 94
1761681420265 0.3936651647090912 95
1761681420460 0.4061085879802704 96
1761681420651 0.38235294818878174 97
1761681420831 0.42138010263442993 98
1761681421016 0.3795248866081238 99
