1761681400506 3.69746175370199e+16 0
1761681400767 4937525005123584.0 1
1761681400977 3247476312113152.0 2
1761681401192 6333265359142912.0 3
1761681401406 5030555070496768.0 4
1761681401583 6966099799179264.0 5
1761681401757 5850149184077824.0 6
1761681401928 4730561268547584.0 7
1761681402095 4919825981767680.0 8
1761681402265 3243811362832384.0 9
1761681402431 3163564462309376.0 10
1761681402595 3115578671759360.0 11
1761681402756 5111920004694016.0 12
1761681402917 5196709101568000.0 13
1761681403078 6954163548192768.0 14
1761681403240 4205720828379136.0 15
1761681403571 5143422516068352.0 16
1761681403736 5690124608208896.0 17
1761681403905 3576727699718144.0 18
1761681404089 4172548111597568.0 19
1761681404305 4288661478703104.0 20
1761681404520 2770081838792704.0 21
1761681404819 5202834798673920.0 22
1761681405057 4662910164926464.0 23
1761681405321 4624431016050688.0 24
1761681405613 2569643231281152.0 25
1761681405879 2416545900789760.0 26
1761681406142 4845467749842944.0 27
1761681406401 4025474472738816.0 28
1761681406681 4023126199369728.0 29
1761681406939 4426147139944448.0 30
1761681407200 4091053254639616.0 31
1761681407460 3539437988347904.0 32
1761681407775 2516595821772800.0 33
1761681408059 4636351697780736.0 34
1761681408281 2366790315278336.0 35
1761681408486 3472776069382144.0 36
1761681408695 5986223411691520.0 37
1761681408920 2253210710441984.0 38
1761681409112 3792303114158080.0 39
1761681409307 2470582494953472.0 40
1761681409506 4835282234900480.0 41
1761681409701 2893017761447936.0 42
1761681409887 2943361220608000.0 43
1761681410074 2820982033088512.0 44
1761681410261 3396030640947200.0 45
1761681410450 3216035809329152.0 46
1761681410639 4410727670480896.0 47
1761681410823 2597057739096064.0 48
1761681411006 4243447284236288.0 49
1761681411187 3619619927490560.0 50
1761681411370 2131718031015936.0 51
1761681411548 2789846472982528.0 52
1761681411720 2816187507408896.0 53
1761681411887 3913066320232448.0 54
1761681412061 2349616351674368.0 55
1761681412227 2888999014236160.0 56
1761681412399 2715825664425984.0 57
1761681412573 2033804990480384.0 58
1761681412737 3559474816090112.0 59
1761681412898 2929220577656832.0 60
1761681413062 2088411741552640.0 61
1761681413216 3568003278962688.0 62
1761681413374 3869279128649728.0 63
1761681413528 2456735251955712.0 64
1761681413686 2405685539110912.0 65
1761681413843 3004820323565568.0 66
1761681413996 3229125527470080.0 67
1761681414151 1995286515810304.0 68
1761681414308 4307079103774720.0 69
1761681414472 3041713287331840.0 70
1761681414633 2301188447928320.0 71
1761681414799 4041767431176192.0 72
1761681414975 2477953464139776.0 73
1761681415159 3777721700188160.0 74
1761681415329 2799356872753152.0 75
1761681415493 2410069358542848.0 76
1761681415657 1984073564160000.0 77
1761681415831 1902914117304320.0 78
1761681416168 3001737879224320.0 79
1761681416614 1743155158319104.0 80
1761681416953 2316869910396928.0 81
1761681417215 1978815853101056.0 82
1761681417442 3000432209166336.0 83
1761681417668 1864410138148864.0 84
1761681417926 1413569568571392.0 85
1761681418144 3011685828788224.0 86
1761681418345 3126854034653184.0 87
1761681418555 2568352056737792.0 88
1761681418798 2358066431393792.0 89
1761681419056 3039686331203584.0 90
1761681419332 1876433093787648.0 91
1761681419561 1892776652308480.0 92
1761681419814 2914699293229056.0 93
1761681420053 1799053352370176.0 94
1761681420265 2944525156745216.0 95
1761681420460 1695748919918592.0 96
1761681420651 2380267654217728.0 97
1761681420831 2158892289097728.0 98
1761681421016 2551161987006464.0 99
