1761682070990 0.39253392815589905 0
1761682071439 0.39819005131721497 1
1761682071820 0.38178732991218567 2
1761682072177 0.3772624433040619 3
1761682072520 0.375 4
1761682072828 0.38461539149284363 5
1761682073130 0.3857465982437134 6
1761682073417 0.3914027214050293 7
1761682073695 0.37160632014274597 8
1761682073954 0.3998868763446808 9
1761682074207 0.40497738122940063 10
1761682074560 0.3993212580680847 11
1761682074982 0.375 12
1761682075374 0.4123303294181824 13
1761682075725 0.3710407316684723 14
1761682076082 0.39253392815589905 15
1761682076423 0.38009050488471985 16
1761682076780 0.39027148485183716 17
1761682077096 0.3993212580680847 18
1761682077396 0.39875566959381104 19
1761682077721 0.37839367985725403 20
1761682078047 0.3766968250274658 21
1761682078397 0.3874434530735016 22
1761682078709 0.3834841549396515 23
1761682078993 0.3806561231613159 24
1761682079269 0.3857465982437134 25
1761682079550 0.3959276080131531 26
1761682079827 0.38235294818878174 27
1761682080109 0.4010181128978729 28
1761682080369 0.3806561231613159 29
1761682080622 0.3795248866081238 30
1761682080869 0.3891402781009674 31
1761682081134 0.3670814335346222 32
1761682081382 0.3834841549396515 33
1761682081665 0.3665158450603485 34
1761682081968 0.3665158450603485 35
1761682082340 0.41289591789245605 36
1761682082739 0.3829185664653778 37
1761682083298 0.3970588147640228 38
1761682083923 0.3908371031284332 39
1761682084463 0.38009050488471985 40
1761682084845 0.3772624433040619 41
1761682085265 0.40441176295280457 42
1761682085589 0.3829185664653778 43
1761682085880 0.3665158450603485 44
1761682086215 0.3914027214050293 45
1761682086597 0.3851810097694397 46
1761682086936 0.3998868763446808 47
1761682087323 0.4134615361690521 48
1761682087656 0.3857465982437134 49
1761682088249 0.3704751133918762 50
1761682088520 0.39027148485183716 51
1761682088787 0.37613123655319214 52
1761682089042 0.37839367985725403 53
1761682089423 0.38800904154777527 54
1761682089739 0.3897058963775635 55
1761682090067 0.3914027214050293 56
1761682090370 0.38631221652030945 57
1761682090655 0.3908371031284332 58
1761682090937 0.3834841549396515 59
1761682091271 0.37782806158065796 60
1761682091556 0.3868778347969055 61
1761682091868 0.39253392815589905 62
1761682092183 0.3540723919868469 63
1761682092510 0.37217193841934204 64
1761682092851 0.39649322628974915 65
1761682093164 0.3976244330406189 66
1761682093480 0.3704751133918762 67
1761682093774 0.4117647111415863 68
1761682094059 0.39196833968162537 69
1761682094416 0.38009050488471985 70
1761682094754 0.3970588147640228 71
1761682095099 0.38404977321624756 72
1761682095401 0.3789592683315277 73
1761682095710 0.415723979473114 74
1761682096043 0.3936651647090912 75
1761682096394 0.38631221652030945 76
1761682096691 0.37160632014274597 77
1761682096971 0.3897058963775635 78
1761682097294 0.39253392815589905 79
1761682097586 0.37613123655319214 80
1761682097914 0.38404977321624756 81
1761682098221 0.3914027214050293 82
1761682098523 0.39253392815589905 83
1761682098843 0.39649322628974915 84
1761682099158 0.3806561231613159 85
1761682099441 0.4117647111415863 86
1761682099754 0.39649322628974915 87
1761682100044 0.4055429995059967 88
1761682100357 0.4078054428100586 89
1761682100672 0.39649322628974915 90
1761682100953 0.3998868763446808 91
1761682101307 0.3914027214050293 92
1761682101620 0.38404977321624756 93
1761682101897 0.4021493196487427 94
1761682102203 0.395361989736557 95
1761682102507 0.3789592683315277 96
1761682102785 0.38800904154777527 97
1761682103106 0.3976244330406189 98
1761682103400 0.40497738122940063 99
