1761682070990 7709441600258048.0 0
1761682071439 2826239878365184.0 1
1761682071820 2099211436818432.0 2
1761682072177 2092499342458880.0 3
1761682072520 2554290602246144.0 4
1761682072828 1185372453208064.0 5
1761682073130 1732886428385280.0 6
1761682073417 1973989517819904.0 7
1761682073695 1624391125303296.0 8
1761682073954 1442132174831616.0 9
1761682074207 879025723539456.0 10
1761682074560 724851631325184.0 11
1761682074982 1701548065292288.0 12
1761682075374 1877616357277696.0 13
1761682075725 881574182649856.0 14
1761682076082 1550111813402624.0 15
1761682076423 915361683734528.0 16
1761682076780 1595377950130176.0 17
1761682077096 739261380820992.0 18
1761682077396 843490774745088.0 19
1761682077721 694513928503296.0 20
1761682078047 636593811488768.0 21
1761682078397 847240415412224.0 22
1761682078709 765828907663360.0 23
1761682078993 655854122565632.0 24
1761682079269 594787069591552.0 25
1761682079550 571318428762112.0 26
1761682079827 601837795278848.0 27
1761682080109 451000724881408.0 28
1761682080369 708158032969728.0 29
1761682080622 563396764237824.0 30
1761682080869 261135253110784.0 31
1761682081134 438963307282432.0 32
1761682081382 453801345548288.0 33
1761682081665 494262084960256.0 34
1761682081968 253043836715008.0 35
1761682082340 307323633401856.0 36
1761682082739 407479955488768.0 37
1761682083298 275637294071808.0 38
1761682083923 405857229602816.0 39
1761682084463 474394639990784.0 40
1761682084845 237898959945728.0 41
1761682085265 326536297185280.0 42
1761682085589 359500137627648.0 43
1761682085880 491523640655872.0 44
1761682086215 207398232915968.0 45
1761682086597 288327697694720.0 46
1761682086936 263997781704704.0 47
1761682087323 138040743821312.0 48
1761682087656 270698383671296.0 49
1761682088249 223724074696704.0 50
1761682088520 149720378900480.0 51
1761682088787 148310908207104.0 52
1761682089042 195420894527488.0 53
1761682089423 137629475536896.0 54
1761682089739 110613627928576.0 55
1761682090067 152102894567424.0 56
1761682090370 158151483588608.0 57
1761682090655 192802927411200.0 58
1761682090937 136152602378240.0 59
1761682091271 115547094122496.0 60
1761682091556 107032858329088.0 61
1761682091868 143810571010048.0 62
1761682092183 99551226626048.0 63
1761682092510 165881132875776.0 64
1761682092851 67092615266304.0 65
1761682093164 91286660972544.0 66
1761682093480 82409810821120.0 67
1761682093774 85351167164416.0 68
1761682094059 78124985352192.0 69
1761682094416 154220749651968.0 70
1761682094754 94404043866112.0 71
1761682095099 169574586646528.0 72
1761682095401 105970390794240.0 73
1761682095710 82321428447232.0 74
1761682096043 64793226510336.0 75
1761682096394 66512299753472.0 76
1761682096691 46821959270400.0 77
1761682096971 124568874254336.0 78
1761682097294 64695218208768.0 79
1761682097586 58536314798080.0 80
1761682097914 45190068830208.0 81
1761682098221 60129122713600.0 82
1761682098523 59693405831168.0 83
1761682098843 48185024184320.0 84
1761682099158 80736627458048.0 85
1761682099441 40322390294528.0 86
1761682099754 25256387411968.0 87
1761682100044 61645183254528.0 88
1761682100357 58000127557632.0 89
1761682100672 29767793377280.0 90
1761682100953 42919432028160.0 91
1761682101307 51681492467712.0 92
1761682101620 42903091019776.0 93
1761682101897 32396711821312.0 94
1761682102203 34529909669888.0 95
1761682102507 33145416056832.0 96
1761682102785 41810739068928.0 97
1761682103106 23789221969920.0 98
1761682103400 23852151209984.0 99
