1761678302898 0.39457014203071594 0
1761678303009 0.38371041417121887 1
1761678303112 0.3914027214050293 2
1761678303211 0.3959276080131531 3
1761678303311 0.3990950286388397 4
1761678303411 0.3954751193523407 5
1761678303512 0.41040724515914917 6
1761678303613 0.3769230842590332 7
1761678303712 0.3972850739955902 8
1761678303813 0.4117647111415863 9
1761678303914 0.3972850739955902 10
1761678304011 0.38371041417121887 11
1761678304113 0.3855203688144684 12
1761678304208 0.3936651647090912 13
1761678304307 0.3936651647090912 14
1761678304409 0.4158371090888977 15
1761678304508 0.3950226306915283 16
1761678304605 0.4013574719429016 17
1761678304705 0.40678733587265015 18
1761678304806 0.39457014203071594 19
1761678304903 0.41945701837539673 20
1761678304999 0.40090498328208923 21
1761678305098 0.3932126760482788 22
1761678305197 0.3995475172996521 23
1761678305303 0.3832579255104065 24
1761678305412 0.3855203688144684 25
1761678305525 0.3787330389022827 26
1761678305636 0.39230769872665405 27
1761678305748 0.39457014203071594 28
1761678305862 0.41085973381996155 29
1761678305976 0.40904977917671204 30
1761678306089 0.3828054368495941 31
1761678306203 0.3873303234577179 32
1761678306313 0.3787330389022827 33
1761678306432 0.40633484721183777 34
1761678306549 0.3877828121185303 35
1761678306670 0.4013574719429016 36
1761678306788 0.4000000059604645 37
1761678306905 0.37149322032928467 38
1761678307017 0.4036199152469635 39
1761678307134 0.3954751193523407 40
1761678307249 0.3723981976509094 41
1761678307362 0.38823530077934265 42
1761678307479 0.39049774408340454 43
1761678307600 0.3828054368495941 44
1761678307723 0.3855203688144684 45
1761678307840 0.4031674265861511 46
1761678307957 0.40497738122940063 47
1761678308077 0.42488688230514526 48
1761678308192 0.40859729051589966 49
1761678308305 0.39230769872665405 50
1761678308419 0.38642534613609314 51
1761678308537 0.39230769872665405 52
1761678308658 0.4013574719429016 53
1761678308775 0.3918552100658417 54
1761678308893 0.3868778347969055 55
1761678309017 0.3995475172996521 56
1761678309140 0.3936651647090912 57
1761678309264 0.39819005131721497 58
1761678309384 0.39819005131721497 59
1761678309506 0.39004525542259216 60
1761678309628 0.3972850739955902 61
1761678309751 0.3972850739955902 62
1761678309870 0.3995475172996521 63
1761678309988 0.39004525542259216 64
1761678310106 0.401809960603714 65
1761678310223 0.3954751193523407 66
1761678310339 0.38371041417121887 67
1761678310451 0.38461539149284363 68
1761678310566 0.4040724039077759 69
1761678310679 0.3990950286388397 70
1761678310793 0.4013574719429016 71
1761678310906 0.3990950286388397 72
1761678311018 0.40452489256858826 73
1761678311131 0.3995475172996521 74
1761678311246 0.3895927667617798 75
1761678311360 0.3972850739955902 76
1761678311489 0.41266968846321106 77
1761678311611 0.4153846204280853 78
1761678311733 0.4081448018550873 79
1761678311856 0.39819005131721497 80
1761678311977 0.385067880153656 81
1761678312095 0.3950226306915283 82
1761678312211 0.3954751193523407 83
1761678312327 0.38823530077934265 84
1761678312444 0.39864253997802734 85
1761678312562 0.3909502327442169 86
1761678312678 0.3832579255104065 87
1761678312795 0.40452489256858826 88
1761678312908 0.3868778347969055 89
1761678313022 0.3977375626564026 90
1761678313139 0.39457014203071594 91
1761678313255 0.41900452971458435 92
1761678313368 0.4013574719429016 93
1761678313481 0.4000000059604645 94
1761678313595 0.4117647111415863 95
1761678313714 0.3918552100658417 96
1761678313863 0.3995475172996521 97
1761678313994 0.38868778944015503 98
1761678314119 0.4013574719429016 99
1761678315374 0.4013574719429016 0
