1761678302898 2.7685977665306624e+16 0
1761678303009 5364235911561216.0 1
1761678303112 3953677115064320.0 2
1761678303211 3818549122433024.0 3
1761678303311 3808753107337216.0 4
1761678303411 4137399172988928.0 5
1761678303512 5849472189857792.0 6
1761678303613 5327874718433280.0 7
1761678303712 3107675395063808.0 8
1761678303813 4202962385633280.0 9
1761678303914 4208367870410752.0 10
1761678304011 3194651167162368.0 11
1761678304113 4392610693120000.0 12
1761678304208 4205431991828480.0 13
1761678304307 4657220407001088.0 14
1761678304409 6670084210688000.0 15
1761678304508 4774525627531264.0 16
1761678304605 3525295466348544.0 17
1761678304705 2805880122769408.0 18
1761678304806 5212711075971072.0 19
1761678304903 4543442428362752.0 20
1761678304999 3789299052969984.0 21
1761678305098 5059816682684416.0 22
1761678305197 3525695972048896.0 23
1761678305303 3326942602330112.0 24
1761678305412 3171627726536704.0 25
1761678305525 5386948235493376.0 26
1761678305636 4092196521246720.0 27
1761678305748 3694785076396032.0 28
1761678305862 3166304651444224.0 29
1761678305976 3025531192737792.0 30
1761678306089 3044763250982912.0 31
1761678306203 3495069902438400.0 32
1761678306313 3414530675703808.0 33
1761678306432 2195082623057920.0 34
1761678306549 2783401337683968.0 35
1761678306670 2601644227297280.0 36
1761678306788 3947047296172032.0 37
1761678306905 2867413582348288.0 38
1761678307017 3091625102278656.0 39
1761678307134 2769206202335232.0 40
1761678307249 3185314713567232.0 41
1761678307362 2265934282620928.0 42
1761678307479 3616266900209664.0 43
1761678307600 3633305572343808.0 44
1761678307723 2796479244664832.0 45
1761678307840 2312798281400320.0 46
1761678307957 3043842248933376.0 47
1761678308077 2175208601419776.0 48
1761678308192 2465012459241472.0 49
1761678308305 3423347438256128.0 50
1761678308419 3178498600468480.0 51
1761678308537 4762291950059520.0 52
1761678308658 3749579195416576.0 53
1761678308775 2068423232192512.0 54
1761678308893 1841330057641984.0 55
1761678309017 2928517276762112.0 56
1761678309140 2487093691416576.0 57
1761678309264 3352396726009856.0 58
1761678309384 2057776276701184.0 59
1761678309506 3004089910689792.0 60
1761678309628 1663172264067072.0 61
1761678309751 3232630489219072.0 62
1761678309870 1922659289923584.0 63
1761678309988 2264255487279104.0 64
1761678310106 2273089429700608.0 65
1761678310223 1834389390491648.0 66
1761678310339 3123106138816512.0 67
1761678310451 2897391111897088.0 68
1761678310566 1870348064653312.0 69
1761678310679 1979612435316736.0 70
1761678310793 2378690595913728.0 71
1761678310906 2554350463352832.0 72
1761678311018 2374950216269824.0 73
1761678311131 2138372009099264.0 74
1761678311246 2588241244979200.0 75
1761678311360 1646084870897664.0 76
1761678311489 2616272617472000.0 77
1761678311611 2490055339802624.0 78
1761678311733 2165672431845376.0 79
1761678311856 2035515326988288.0 80
1761678311977 2247823881928704.0 81
1761678312095 3035728787275776.0 82
1761678312211 2419935435292672.0 83
1761678312327 2419945098969088.0 84
1761678312444 1931739924529152.0 85
1761678312562 1808210759516160.0 86
1761678312678 2504992162316288.0 87
1761678312795 2152578552954880.0 88
1761678312908 1611872772030464.0 89
1761678313022 2234535253114880.0 90
1761678313139 1876346926006272.0 91
1761678313255 2302061668466688.0 92
1761678313368 1491827765018624.0 93
1761678313481 2198922726473728.0 94
1761678313595 1059860422590464.0 95
1761678313714 1590308680761344.0 96
1761678313863 1383276090490880.0 97
1761678313994 1948913753915392.0 98
1761678314119 1927974714605568.0 99
1761678315374 1927974714605568.0 0
