1761689049052 0.311085969209671 0
1761689049378 0.3608597218990326 1
1761689049664 0.3529411852359772 2
1761689049975 0.2726244330406189 3
1761689050294 0.3829185664653778 4
1761689050582 0.32861989736557007 5
1761689050905 0.3461538553237915 6
1761689051209 0.33880090713500977 7
1761689051526 0.3382352888584137 8
1761689051849 0.3868778347969055 9
1761689052163 0.2720588147640228 10
1761689052523 0.3648189902305603 11
1761689052842 0.31278279423713684 12
1761689053223 0.31221720576286316 13
1761689053612 0.3540723919868469 14
1761689054027 0.331447958946228 15
1761689054590 0.3365384638309479 16
1761689055120 0.3501131236553192 17
1761689055637 0.3071267008781433 18
1761689056080 0.28393664956092834 19
1761689056483 0.334276020526886 20
1761689056952 0.34558823704719543 21
1761689057480 0.3048642575740814 22
1761689057859 0.33257919549942017 23
1761689058213 0.3178732991218567 24
1761689058500 0.3240950107574463 25
1761689058804 0.3421945571899414 26
1761689059177 0.2680995464324951 27
1761689059533 0.30825790762901306 28
1761689059862 0.35972851514816284 29
1761689060211 0.33880090713500977 30
1761689060511 0.36142534017562866 31
1761689060786 0.3280543088912964 32
1761689061096 0.2845022678375244 33
1761689061401 0.3704751133918762 34
1761689061698 0.32692307233810425 35
1761689062032 0.33257919549942017 36
1761689062377 0.34728506207466125 37
1761689062723 0.33710408210754395 38
1761689063178 0.33936652541160583 39
1761689063591 0.31900453567504883 40
1761689064030 0.31843891739845276 41
1761689064468 0.3365384638309479 42
1761689064885 0.33936652541160583 43
1761689065326 0.3280543088912964 44
1761689065747 0.331447958946228 45
1761689066127 0.36595022678375244 46
1761689066574 0.3337104022502899 47
1761689066975 0.32692307233810425 48
1761689067384 0.32466062903404236 49
1761689068028 0.36199095845222473 50
1761689068427 0.2726244330406189 51
1761689068813 0.33088234066963196 52
1761689069144 0.34728506207466125 53
1761689069477 0.3173076808452606 54
1761689069777 0.32861989736557007 55
1761689070059 0.30995476245880127 56
1761689070341 0.3303167521953583 57
1761689070634 0.3670814335346222 58
1761689070920 0.30882352590560913 59
