1761689049052 2.3081504288538624e+16 0
1761689049378 6815731383533568.0 1
1761689049664 8689853248045056.0 2
1761689049975 6833868493553664.0 3
1761689050294 4242912560807936.0 4
1761689050582 3490724469276672.0 5
1761689050905 2687131256356864.0 6
1761689051209 2987708368551936.0 7
1761689051526 3451775826788352.0 8
1761689051849 5229181738680320.0 9
1761689052163 3644462823636992.0 10
1761689052523 5223722298376192.0 11
1761689052842 4360293480136704.0 12
1761689053223 3642261921333248.0 13
1761689053612 1782879042404352.0 14
1761689054027 4316369118035968.0 15
1761689054590 2049928163491840.0 16
1761689055120 1869789584687104.0 17
1761689055637 3526657239416832.0 18
1761689056080 1661471859671040.0 19
1761689056483 3807328788807680.0 20
1761689056952 1472906152378368.0 21
1761689057480 2073099914706944.0 22
1761689057859 2362029612466176.0 23
1761689058213 2321431434100736.0 24
1761689058500 2222263323590656.0 25
1761689058804 2445557599567872.0 26
1761689059177 2932558572552192.0 27
1761689059533 2665518444052480.0 28
1761689059862 1064848154689536.0 29
1761689060211 1240871886389248.0 30
1761689060511 1568323414261760.0 31
1761689060786 1528666773258240.0 32
1761689061096 1654526763335680.0 33
1761689061401 2433146754695168.0 34
1761689061698 2027348312457216.0 35
1761689062032 2516506432765952.0 36
1761689062377 2578380805373952.0 37
1761689062723 1871705811189760.0 38
1761689063178 2801321820291072.0 39
1761689063591 1412491531780096.0 40
1761689064030 946912110837760.0 41
1761689064468 872171693932544.0 42
1761689064885 596959115083776.0 43
1761689065326 1037438881366016.0 44
1761689065747 766278268616704.0 45
1761689066127 1505929216393216.0 46
1761689066574 1272172936953856.0 47
1761689066975 530080602259456.0 48
1761689067384 980249848315904.0 49
1761689068028 2046726936461312.0 50
1761689068427 1712548416061440.0 51
1761689068813 2056333570342912.0 52
1761689069144 1787490495102976.0 53
1761689069477 1055054085750784.0 54
1761689069777 1425321270181888.0 55
1761689070059 1360783480979456.0 56
1761689070341 1170466903425024.0 57
1761689070634 646295270195200.0 58
1761689070920 372527041871872.0 59
