1761682549345 0.3959276080131531 0
1761682549511 0.39253392815589905 1
1761682549638 0.39196833968162537 2
1761682549770 0.40441176295280457 3
1761682549909 0.3993212580680847 4
1761682550051 0.3976244330406189 5
1761682550218 0.37782806158065796 6
1761682550365 0.3795248866081238 7
1761682550533 0.3891402781009674 8
1761682550678 0.40441176295280457 9
1761682550822 0.39875566959381104 10
1761682550969 0.4021493196487427 11
1761682551120 0.4072398245334625 12
1761682551268 0.37782806158065796 13
1761682551419 0.3914027214050293 14
1761682551574 0.3993212580680847 15
1761682551729 0.38235294818878174 16
1761682551915 0.3874434530735016 17
1761682552171 0.3993212580680847 18
1761682552492 0.39649322628974915 19
1761682552823 0.4015837013721466 20
1761682553213 0.39027148485183716 21
1761682553473 0.36538460850715637 22
1761682553693 0.3829185664653778 23
1761682553921 0.38461539149284363 24
1761682554127 0.3795248866081238 25
1761682554365 0.3970588147640228 26
1761682554601 0.3665158450603485 27
1761682554914 0.3976244330406189 28
1761682555145 0.3914027214050293 29
1761682555354 0.39479637145996094 30
1761682555554 0.39875566959381104 31
1761682555751 0.3710407316684723 32
1761682555989 0.3976244330406189 33
1761682556219 0.3970588147640228 34
1761682556432 0.40667420625686646 35
1761682556641 0.3795248866081238 36
1761682556837 0.3970588147640228 37
1761682557028 0.3710407316684723 38
1761682557201 0.40271493792533875 39
1761682557365 0.38631221652030945 40
1761682557527 0.3936651647090912 41
1761682557687 0.4140271544456482 42
1761682557846 0.3930995464324951 43
1761682558008 0.3959276080131531 44
1761682558164 0.3993212580680847 45
1761682558328 0.3959276080131531 46
1761682558496 0.38800904154777527 47
1761682558660 0.36764705181121826 48
1761682558817 0.3704751133918762 49
1761682558977 0.3851810097694397 50
1761682559140 0.38009050488471985 51
1761682559303 0.3891402781009674 52
1761682559469 0.4061085879802704 53
1761682559631 0.38461539149284363 54
1761682559793 0.38235294818878174 55
1761682559965 0.3976244330406189 56
1761682560137 0.3834841549396515 57
1761682560298 0.37613123655319214 58
1761682560458 0.3993212580680847 59
1761682560620 0.3891402781009674 60
1761682560778 0.395361989736557 61
1761682560933 0.41742080450057983 62
1761682561094 0.37839367985725403 63
1761682561251 0.3857465982437134 64
1761682561417 0.36990949511528015 65
1761682561589 0.39875566959381104 66
1761682561761 0.4100678861141205 67
1761682561930 0.39253392815589905 68
1761682562094 0.4083710312843323 69
1761682562252 0.3789592683315277 70
1761682562414 0.3930995464324951 71
1761682562634 0.4038461446762085 72
1761682562834 0.3772624433040619 73
1761682563050 0.3733031749725342 74
1761682563250 0.37556561827659607 75
1761682563437 0.3936651647090912 76
1761682563634 0.37556561827659607 77
1761682563817 0.38857465982437134 78
1761682563991 0.41742080450057983 79
1761682564153 0.37613123655319214 80
1761682564336 0.36595022678375244 81
1761682564496 0.37782806158065796 82
1761682564656 0.38857465982437134 83
1761682564806 0.39027148485183716 84
1761682564956 0.3993212580680847 85
1761682565112 0.3834841549396515 86
1761682565268 0.38631221652030945 87
1761682565427 0.39819005131721497 88
1761682565624 0.3829185664653778 89
1761682565964 0.3642534017562866 90
1761682566376 0.3936651647090912 91
1761682566676 0.41685521602630615 92
1761682566914 0.38631221652030945 93
1761682567116 0.37443438172340393 94
1761682567302 0.3687782883644104 95
1761682567480 0.3897058963775635 96
1761682567648 0.37613123655319214 97
1761682567810 0.37782806158065796 98
1761682567972 0.4078054428100586 99
