1761682549345 8116339822559232.0 0
1761682549511 3076776863465472.0 1
1761682549638 3072089980403712.0 2
1761682549770 2794394306478080.0 3
1761682549909 3803980861800448.0 4
1761682550051 3436731093221376.0 5
1761682550218 3011969028194304.0 6
1761682550365 3813720237015040.0 7
1761682550533 3072097765031936.0 8
1761682550678 3191086344306688.0 9
1761682550822 4056617549037568.0 10
1761682550969 3735123140804608.0 11
1761682551120 3199837877043200.0 12
1761682551268 2586875713814528.0 13
1761682551419 4617233724604416.0 14
1761682551574 2895861029797888.0 15
1761682551729 3131624938012672.0 16
1761682551915 3415089558323200.0 17
1761682552171 3543768657559552.0 18
1761682552492 2838088350957568.0 19
1761682552823 2985126287900672.0 20
1761682553213 2413633912963072.0 21
1761682553473 2482264805998592.0 22
1761682553693 2685678215233536.0 23
1761682553921 2029922071609344.0 24
1761682554127 2052935714340864.0 25
1761682554365 3067606571417600.0 26
1761682554601 2264464330063872.0 27
1761682554914 4596771426664448.0 28
1761682555145 2123553566621696.0 29
1761682555354 2521222843727872.0 30
1761682555554 2233970062262272.0 31
1761682555751 1975998757208064.0 32
1761682555989 3288916572504064.0 33
1761682556219 3345235404914688.0 34
1761682556432 3240481421000704.0 35
1761682556641 2412617616326656.0 36
1761682556837 2992726500966400.0 37
1761682557028 4073115592163328.0 38
1761682557201 2292289544126464.0 39
1761682557365 2094763058659328.0 40
1761682557527 2934994892750848.0 41
1761682557687 3739207923138560.0 42
1761682557846 2562031207055360.0 43
1761682558008 1801571679600640.0 44
1761682558164 2015502390001664.0 45
1761682558328 1827739036286976.0 46
1761682558496 2260975206006784.0 47
1761682558660 1997123151200256.0 48
1761682558817 1660271013658624.0 49
1761682558977 2888745074294784.0 50
1761682559140 1729962092527616.0 51
1761682559303 1816672113524736.0 52
1761682559469 1869386797285376.0 53
1761682559631 2595798776807424.0 54
1761682559793 1568418843066368.0 55
1761682559965 1936767989055488.0 56
1761682560137 1746833529372672.0 57
1761682560298 2578029691797504.0 58
1761682560458 1627750729252864.0 59
1761682560620 1902730507452416.0 60
1761682560778 1643273277931520.0 61
1761682560933 1716519247544320.0 62
1761682561094 2662962670075904.0 63
1761682561251 2895396368023552.0 64
1761682561417 1878263018291200.0 65
1761682561589 2159509824864256.0 66
1761682561761 1581655663837184.0 67
1761682561930 1490121320824832.0 68
1761682562094 1473198075936768.0 69
1761682562252 1832906687250432.0 70
1761682562414 1381771778195456.0 71
1761682562634 1155595176509440.0 72
1761682562834 1602086957481984.0 73
1761682563050 1755405747224576.0 74
1761682563250 2169474283208704.0 75
1761682563437 1057854001774592.0 76
1761682563634 2278189703364608.0 77
1761682563817 1136116426080256.0 78
1761682563991 1904272803364864.0 79
1761682564153 1493374758551552.0 80
1761682564336 1994905605898240.0 81
1761682564496 1398859439800320.0 82
1761682564656 1311979364941824.0 83
1761682564806 1248784289890304.0 84
1761682564956 1653373833052160.0 85
1761682565112 1424067005513728.0 86
1761682565268 1893995886149632.0 87
1761682565427 1160643776348160.0 88
1761682565624 1167292385722368.0 89
1761682565964 1237666632826880.0 90
1761682566376 1030257561829376.0 91
1761682566676 1677337334644736.0 92
1761682566914 833305192693760.0 93
1761682567116 1449987804233728.0 94
1761682567302 1306319537569792.0 95
1761682567480 1710726141968384.0 96
1761682567648 1701096019984384.0 97
1761682567810 1005478687539200.0 98
1761682567972 1287783935115264.0 99
