1761689699965 0.23925338685512543 0
1761689700337 0.43778279423713684 1
1761689700658 0.25678732991218567 2
1761689701032 0.3665158450603485 3
1761689701413 0.38404977321624756 4
1761689701744 0.2748868763446808 5
1761689702025 0.31447964906692505 6
1761689702343 0.4032805562019348 7
1761689702636 0.3874434530735016 8
1761689702987 0.2516968250274658 9
1761689703315 0.3540723919868469 10
1761689703641 0.34728506207466125 11
1761689703995 0.3569004535675049 12
1761689704279 0.2822398245334625 13
1761689704607 0.3076923191547394 14
1761689704896 0.3031674325466156 15
1761689705166 0.40497738122940063 16
1761689705426 0.38800904154777527 17
1761689705685 0.334276020526886 18
1761689705951 0.30599546432495117 19
1761689706197 0.2664027214050293 20
1761689706441 0.3280543088912964 21
1761689706682 0.34106335043907166 22
1761689706940 0.3569004535675049 23
1761689707184 0.2516968250274658 24
1761689707421 0.35972851514816284 25
1761689707740 0.35124433040618896 26
1761689708075 0.3359728455543518 27
1761689708408 0.311085969209671 28
1761689708708 0.27375566959381104 29
1761689709038 0.436085969209671 30
1761689709322 0.23529411852359772 31
1761689709644 0.3416289687156677 32
1761689709963 0.3252262473106384 33
1761689710255 0.35972851514816284 34
1761689710526 0.37160632014274597 35
1761689710815 0.3444570004940033 36
1761689711105 0.3529411852359772 37
1761689711385 0.27149322628974915 38
1761689711678 0.3195701241493225 39
1761689711964 0.31900453567504883 40
1761689712267 0.3416289687156677 41
1761689712594 0.35972851514816284 42
1761689712915 0.31900453567504883 43
1761689713252 0.3501131236553192 44
1761689713548 0.32070136070251465 45
1761689713810 0.313914030790329 46
1761689714093 0.30656108260154724 47
1761689714360 0.3416289687156677 48
1761689714613 0.35124433040618896 49
1761689714855 0.33936652541160583 50
1761689715099 0.31674209237098694 51
1761689715340 0.2748868763446808 52
1761689715587 0.2952488660812378 53
1761689715821 0.3280543088912964 54
1761689716164 0.2811085879802704 55
1761689716379 0.3501131236553192 56
1761689716603 0.34558823704719543 57
1761689716835 0.2641402781009674 58
1761689717071 0.354638010263443 59
