1761689699965 1.907511155018957e+16 0
1761689700337 9569311689539584.0 1
1761689700658 7083092560838656.0 2
1761689701032 8443548684779520.0 3
1761689701413 5966769894195200.0 4
1761689701744 2770544084647936.0 5
1761689702025 3313607534182400.0 6
1761689702343 2908467564118016.0 7
1761689702636 2655787390337024.0 8
1761689702987 4300035357409280.0 9
1761689703315 2690987331682304.0 10
1761689703641 1479483223703552.0 11
1761689703995 2639871852150784.0 12
1761689704279 1974967696621568.0 13
1761689704607 1006145481211904.0 14
1761689704896 1453042868158464.0 15
1761689705166 2650260572733440.0 16
1761689705426 2081667434938368.0 17
1761689705685 2514344453603328.0 18
1761689705951 3646208727842816.0 19
1761689706197 3917843397607424.0 20
1761689706441 3001876391919616.0 21
1761689706682 2275587221618688.0 22
1761689706940 1993049508937728.0 23
1761689707184 2333396676116480.0 24
1761689707421 1792629020819456.0 25
1761689707740 1262216800108544.0 26
1761689708075 1796967206223872.0 27
1761689708408 3550907966947328.0 28
1761689708708 2732323975987200.0 29
1761689709038 2875159824302080.0 30
1761689709322 1267139235282944.0 31
1761689709644 672516985061376.0 32
1761689709963 1323145608822784.0 33
1761689710255 938326068559872.0 34
1761689710526 1325055258656768.0 35
1761689710815 1214202152747008.0 36
1761689711105 1001225461956608.0 37
1761689711385 1484928839581696.0 38
1761689711678 1102801304289280.0 39
1761689711964 1298010654900224.0 40
1761689712267 1541863060275200.0 41
1761689712594 634117494407168.0 42
1761689712915 843253410693120.0 43
1761689713252 1413258586095616.0 44
1761689713548 2094588038742016.0 45
1761689713810 1584976076210176.0 46
1761689714093 890950767345664.0 47
1761689714360 720182666330112.0 48
1761689714613 867400320811008.0 49
1761689714855 1196998124371968.0 50
1761689715099 867537692655616.0 51
1761689715340 632699819655168.0 52
1761689715587 519634134499328.0 53
1761689715821 548235932336128.0 54
1761689716164 914872728551424.0 55
1761689716379 563753380741120.0 56
1761689716603 1061968043573248.0 57
1761689716835 1130513104371712.0 58
1761689717071 1494529433665536.0 59
