1761678316267 0.38235294818878174 0
1761678316458 0.39819005131721497 1
1761678316649 0.39049774408340454 2
1761678316845 0.41040724515914917 3
1761678317046 0.3855203688144684 4
1761678317247 0.40859729051589966 5
1761678317448 0.3805429935455322 6
1761678317650 0.39230769872665405 7
1761678317851 0.3990950286388397 8
1761678318057 0.39276018738746643 9
1761678318260 0.3909502327442169 10
1761678318461 0.3950226306915283 11
1761678318662 0.38823530077934265 12
1761678318864 0.40678733587265015 13
1761678319069 0.39276018738746643 14
1761678319268 0.38823530077934265 15
1761678319473 0.40226244926452637 16
1761678319682 0.4036199152469635 17
1761678319908 0.39819005131721497 18
1761678320123 0.3877828121185303 19
1761678320335 0.40090498328208923 20
1761678320541 0.39276018738746643 21
1761678320762 0.405429869890213 22
1761678320990 0.37782806158065796 23
1761678321290 0.4031674265861511 24
1761678321575 0.3877828121185303 25
1761678321840 0.3995475172996521 26
1761678322110 0.3891402781009674 27
1761678322454 0.3855203688144684 28
1761678322746 0.3687782883644104 29
1761678323018 0.39864253997802734 30
1761678323269 0.40452489256858826 31
1761678323497 0.38235294818878174 32
1761678323717 0.38371041417121887 33
1761678323925 0.3909502327442169 34
1761678324129 0.4000000059604645 35
1761678324334 0.39004525542259216 36
1761678324534 0.3891402781009674 37
1761678324739 0.3805429935455322 38
1761678324945 0.4113122224807739 39
1761678325146 0.38009050488471985 40
1761678325351 0.38823530077934265 41
1761678325551 0.405429869890213 42
1761678325750 0.4000000059604645 43
1761678325949 0.3832579255104065 44
1761678326150 0.38235294818878174 45
1761678326354 0.381447970867157 46
1761678326549 0.4095022678375244 47
1761678326856 0.3832579255104065 48
1761678327048 0.41266968846321106 49
1761678327239 0.364705890417099 50
1761678327434 0.38190045952796936 51
1761678327632 0.39276018738746643 52
1761678327828 0.41085973381996155 53
1761678328039 0.3764705955982208 54
1761678328254 0.38868778944015503 55
1761678328474 0.3972850739955902 56
1761678328689 0.381447970867157 57
1761678328908 0.3932126760482788 58
1761678329125 0.39864253997802734 59
1761678329440 0.4153846204280853 60
1761678329736 0.3918552100658417 61
1761678329968 0.418552041053772 62
1761678330227 0.42714932560920715 63
1761678330502 0.40090498328208923 64
1761678330749 0.39276018738746643 65
1761678331029 0.4099547564983368 66
1761678331370 0.4122171998023987 67
1761678331660 0.40045249462127686 68
1761678331916 0.4013574719429016 69
1761678332225 0.3936651647090912 70
1761678332648 0.41719457507133484 71
1761678333088 0.42307692766189575 72
1761678333539 0.4647058844566345 73
1761678333889 0.41312217712402344 74
1761678334196 0.4036199152469635 75
1761678334507 0.40678733587265015 76
1761678334768 0.37782806158065796 77
1761678335020 0.39049774408340454 78
1761678335278 0.43936651945114136 79
1761678335527 0.4674208164215088 80
1761678335886 0.4502262473106384 81
1761678336136 0.4262443482875824 82
1761678336375 0.4266968369483948 83
1761678336615 0.42533937096595764 84
1761678336860 0.41447964310646057 85
1761678337185 0.41447964310646057 86
1761678337436 0.4117647111415863 87
1761678337705 0.4203619956970215 88
1761678337977 0.4199095070362091 89
1761678338229 0.41719457507133484 90
1761678338492 0.41493213176727295 91
1761678338746 0.4239819049835205 92
1761678338995 0.4058823585510254 93
1761678339245 0.40497738122940063 94
1761678339496 0.41900452971458435 95
1761678339740 0.4262443482875824 96
1761678339986 0.4031674265861511 97
1761678340237 0.4140271544456482 98
1761678340483 0.42488688230514526 99
1761678341841 0.0 0
