1761678316267 7961461691252736.0 0
1761678316458 2122218905534464.0 1
1761678316649 1903545343279104.0 2
1761678316845 2496490811424768.0 3
1761678317046 2017651618480128.0 4
1761678317247 1639345798774784.0 5
1761678317448 1257412744970240.0 6
1761678317650 1534234527268864.0 7
1761678317851 2210280364834816.0 8
1761678318057 1035308376260608.0 9
1761678318260 1234150262571008.0 10
1761678318461 845531421081600.0 11
1761678318662 667474961891328.0 12
1761678318864 736300671959040.0 13
1761678319069 718570375872512.0 14
1761678319268 618216183300096.0 15
1761678319473 589834166992896.0 16
1761678319682 421484031901696.0 17
1761678319908 565447342686208.0 18
1761678320123 372835776200704.0 19
1761678320335 525582966194176.0 20
1761678320541 338984521695232.0 21
1761678320762 210063025242112.0 22
1761678320990 220014196031488.0 23
1761678321290 368369144430592.0 24
1761678321575 266364627451904.0 25
1761678321840 395112697823232.0 26
1761678322110 290602990174208.0 27
1761678322454 187349342355456.0 28
1761678322746 311356507029504.0 29
1761678323018 277764661837824.0 30
1761678323269 195328435290112.0 31
1761678323497 211410655117312.0 32
1761678323717 197078517022720.0 33
1761678323925 169681507844096.0 34
1761678324129 131328280363008.0 35
1761678324334 95401440968704.0 36
1761678324534 150090400399360.0 37
1761678324739 108056344002560.0 38
1761678324945 143676118401024.0 39
1761678325146 130586425425920.0 40
1761678325351 95348039090176.0 41
1761678325551 55810503737344.0 42
1761678325750 56206236319744.0 43
1761678325949 40520730542080.0 44
1761678326150 27066300891136.0 45
1761678326354 82068302200832.0 46
1761678326549 59568080027648.0 47
1761678326856 29087607291904.0 48
1761678327048 52923530739712.0 49
1761678327239 47576187404288.0 50
1761678327434 51863332323328.0 51
1761678327632 24077645381632.0 52
1761678327828 15022641119232.0 53
1761678328039 9732300472320.0 54
1761678328254 6327821139968.0 55
1761678328474 4516677681152.0 56
1761678328689 3742470242304.0 57
1761678328908 2105255526400.0 58
1761678329125 1823403016192.0 59
1761678329440 604296118272.0 60
1761678329736 334146732032.0 61
1761678329968 262134693888.0 62
1761678330227 127037915136.0 63
1761678330502 1944330436608.0 64
1761678330749 12775425310720.0 65
1761678331029 21447571406848.0 66
1761678331370 2864168304640.0 67
1761678331660 1534586650624.0 68
1761678331916 1980856139776.0 69
1761678332225 3234360197120.0 70
1761678332648 827626160128.0 71
1761678333088 993254375424.0 72
1761678333539 91260878848.0 73
1761678333889 2581443903488.0 74
1761678334196 8771684794368.0 75
1761678334507 8373642199040.0 76
1761678334768 14412477890560.0 77
1761678335020 22834434801664.0 78
1761678335278 2722709372928.0 79
1761678335527 149529657344.0 80
1761678335886 275938017280.0 81
1761678336136 3119179264.0 82
1761678336375 1961882624.0 83
1761678336615 1320577152.0 84
1761678336860 726484608.0 85
1761678337185 535653472.0 86
1761678337436 465244192.0 87
1761678337705 415802304.0 88
1761678337977 369145568.0 89
1761678338229 325145952.0 90
1761678338492 350306496.0 91
1761678338746 275048928.0 92
1761678338995 323167936.0 93
1761678339245 295510304.0 94
1761678339496 278722016.0 95
1761678339740 228780752.0 96
1761678339986 370970464.0 97
1761678340237 274475456.0 98
1761678340483 319080064.0 99
1761678341841 319080064.0 0
