1761679927679 0.39479637145996094 0
1761679927845 0.3891402781009674 1
1761679927987 0.39196833968162537 2
1761679928151 0.3829185664653778 3
1761679928299 0.40271493792533875 4
1761679928440 0.38857465982437134 5
1761679928586 0.3851810097694397 6
1761679928732 0.37443438172340393 7
1761679928879 0.395361989736557 8
1761679929025 0.3930995464324951 9
1761679929167 0.35180994868278503 10
1761679929315 0.39479637145996094 11
1761679929462 0.37613123655319214 12
1761679929608 0.4072398245334625 13
1761679929755 0.4015837013721466 14
1761679929906 0.38404977321624756 15
1761679930051 0.38178732991218567 16
1761679930195 0.3851810097694397 17
1761679930341 0.38461539149284363 18
1761679930488 0.37839367985725403 19
1761679930633 0.3998868763446808 20
1761679930780 0.3868778347969055 21
1761679930923 0.39027148485183716 22
1761679931066 0.39196833968162537 23
1761679931209 0.3829185664653778 24
1761679931358 0.39253392815589905 25
1761679931505 0.39253392815589905 26
1761679931648 0.40045249462127686 27
1761679931793 0.395361989736557 28
1761679931937 0.39479637145996094 29
1761679932080 0.4055429995059967 30
1761679932225 0.3874434530735016 31
1761679932367 0.35803166031837463 32
1761679932519 0.4095022678375244 33
1761679932670 0.375 34
1761679932825 0.37160632014274597 35
1761679932979 0.39423078298568726 36
1761679933131 0.40497738122940063 37
1761679933279 0.4038461446762085 38
1761679933426 0.38857465982437134 39
1761679933572 0.4100678861141205 40
1761679933718 0.4015837013721466 41
1761679933862 0.37782806158065796 42
1761679934005 0.38800904154777527 43
1761679934149 0.4010181128978729 44
1761679934316 0.4032805562019348 45
1761679934470 0.3993212580680847 46
1761679934629 0.38404977321624756 47
1761679934782 0.37782806158065796 48
1761679934934 0.3812217116355896 49
1761679935085 0.37782806158065796 50
1761679935230 0.39027148485183716 51
1761679935375 0.3829185664653778 52
1761679935519 0.3908371031284332 53
1761679935665 0.3930995464324951 54
1761679935808 0.3795248866081238 55
1761679935956 0.3795248866081238 56
1761679936102 0.39819005131721497 57
1761679936248 0.3704751133918762 58
1761679936392 0.39253392815589905 59
1761679936539 0.3704751133918762 60
1761679936686 0.38009050488471985 61
1761679936830 0.3897058963775635 62
1761679936973 0.37386876344680786 63
1761679937114 0.3874434530735016 64
1761679937258 0.37782806158065796 65
1761679937399 0.38631221652030945 66
1761679937541 0.3970588147640228 67
1761679937683 0.3891402781009674 68
1761679937825 0.37386876344680786 69
1761679937971 0.39423078298568726 70
1761679938114 0.36368778347969055 71
1761679938256 0.3795248866081238 72
1761679938400 0.4140271544456482 73
1761679938547 0.3868778347969055 74
1761679938692 0.3874434530735016 75
1761679938837 0.3936651647090912 76
1761679938982 0.36990949511528015 77
1761679939126 0.38404977321624756 78
1761679939271 0.3897058963775635 79
1761679939415 0.4202488660812378 80
1761679939562 0.38009050488471985 81
1761679939710 0.39253392815589905 82
1761679939854 0.4021493196487427 83
1761679939999 0.38404977321624756 84
1761679940141 0.3998868763446808 85
1761679940283 0.3648189902305603 86
1761679940426 0.3812217116355896 87
1761679940576 0.4038461446762085 88
1761679940726 0.39196833968162537 89
1761679940871 0.41063347458839417 90
1761679941023 0.395361989736557 91
1761679941171 0.3834841549396515 92
1761679941317 0.38857465982437134 93
1761679941462 0.37556561827659607 94
1761679941604 0.37613123655319214 95
1761679941752 0.40271493792533875 96
1761679941897 0.37782806158065796 97
1761679942040 0.38800904154777527 98
1761679942185 0.3857465982437134 99
