1761679927679 1.097275023556608e+16 0
1761679927845 4305039799615488.0 1
1761679927987 4752860201877504.0 2
1761679928151 2677155121070080.0 3
1761679928299 3365435441414144.0 4
1761679928440 4760064472645632.0 5
1761679928586 3603308447006720.0 6
1761679928732 4812553267970048.0 7
1761679928879 3140177023205376.0 8
1761679929025 4294359289692160.0 9
1761679929167 3261563536408576.0 10
1761679929315 3463790192492544.0 11
1761679929462 3755106549891072.0 12
1761679929608 4153015674077184.0 13
1761679929755 2203529615769600.0 14
1761679929906 2270704917544960.0 15
1761679930051 3380854374006784.0 16
1761679930195 2435786012098560.0 17
1761679930341 2128524320178176.0 18
1761679930488 3873306197360640.0 19
1761679930633 3866334391697408.0 20
1761679930780 3619630933344256.0 21
1761679930923 2561429374763008.0 22
1761679931066 3080201563013120.0 23
1761679931209 3113034977378304.0 24
1761679931358 2477648789897216.0 25
1761679931505 4152014409826304.0 26
1761679931648 3025731982458880.0 27
1761679931793 3182462318411776.0 28
1761679931937 3327328612515840.0 29
1761679932080 2298811988836352.0 30
1761679932225 2978796579848192.0 31
1761679932367 2301715655163904.0 32
1761679932519 2332275689652224.0 33
1761679932670 2261720114397184.0 34
1761679932825 2523636615348224.0 35
1761679932979 3704212798046208.0 36
1761679933131 2651533225230336.0 37
1761679933279 2328934205095936.0 38
1761679933426 1617672185839616.0 39
1761679933572 1690044532260864.0 40
1761679933718 2671277995196416.0 41
1761679933862 1845636030791680.0 42
1761679934005 2224874261053440.0 43
1761679934149 1625943084892160.0 44
1761679934316 2043295928680448.0 45
1761679934470 2162001174331392.0 46
1761679934629 1594880807665664.0 47
1761679934782 1619394065072128.0 48
1761679934934 2538098575540224.0 49
1761679935085 2937243039694848.0 50
1761679935230 1915541455372288.0 51
1761679935375 1930558540087296.0 52
1761679935519 1845303707697152.0 53
1761679935665 2279021047971840.0 54
1761679935808 1647157404762112.0 55
1761679935956 2598902964420608.0 56
1761679936102 1995954114789376.0 57
1761679936248 2372632544542720.0 58
1761679936392 2163466563485696.0 59
1761679936539 1654152832745472.0 60
1761679936686 2105904606478336.0 61
1761679936830 3149785938788352.0 62
1761679936973 1489659477622784.0 63
1761679937114 2423906400993280.0 64
1761679937258 2070668023693312.0 65
1761679937399 1526130729287680.0 66
1761679937541 1716897473101824.0 67
1761679937683 2169541660508160.0 68
1761679937825 1926679110877184.0 69
1761679937971 2205137409933312.0 70
1761679938114 2165395674890240.0 71
1761679938256 1561004789989376.0 72
1761679938400 2045597360062464.0 73
1761679938547 1843913480470528.0 74
1761679938692 1291205413437440.0 75
1761679938837 1364809744384000.0 76
1761679938982 1372151856758784.0 77
1761679939126 1941783034462208.0 78
1761679939271 1372346338246656.0 79
1761679939415 1633790795448320.0 80
1761679939562 1173450026647552.0 81
1761679939710 1882184189214720.0 82
1761679939854 1241550357004288.0 83
1761679939999 1882458798686208.0 84
1761679940141 1940777341026304.0 85
1761679940283 1376848000843776.0 86
1761679940426 1174629800476672.0 87
1761679940576 1906721740029952.0 88
1761679940726 1262383901179904.0 89
1761679940871 943921270095872.0 90
1761679941023 1141153214758912.0 91
1761679941171 1726734156169216.0 92
1761679941317 1458462311579648.0 93
1761679941462 1556172549128192.0 94
1761679941604 1444196175052800.0 95
1761679941752 1047908669456384.0 96
1761679941897 927075938598912.0 97
1761679942040 1294760438398976.0 98
1761679942185 1429486717370368.0 99
