1761689582542 0.33540722727775574 0
1761689582694 0.2969456911087036 1
1761689582874 0.2873303294181824 2
1761689583035 0.29015836119651794 3
1761689583190 0.35350677371025085 4
1761689583326 0.3263574540615082 5
1761689583448 0.30599546432495117 6
1761689583615 0.31278279423713684 7
1761689583733 0.3280543088912964 8
1761689583852 0.30429863929748535 9
1761689583999 0.3404977321624756 10
1761689584122 0.2579185664653778 11
1761689584237 0.3240950107574463 12
1761689584354 0.3648189902305603 13
1761689584472 0.36368778347969055 14
1761689584642 0.33484163880348206 15
1761689584816 0.3195701241493225 16
1761689584978 0.2969456911087036 17
1761689585167 0.28619909286499023 18
1761689585379 0.36538460850715637 19
1761689585603 0.2545248866081238 20
1761689585804 0.2811085879802704 21
1761689586024 0.31674209237098694 22
1761689586234 0.3076923191547394 23
1761689586543 0.35350677371025085 24
1761689586732 0.29638010263442993 25
1761689586939 0.30882352590560913 26
1761689587125 0.3772624433040619 27
1761689587329 0.3359728455543518 28
1761689587508 0.23812216520309448 29
1761689587804 0.3812217116355896 30
1761689588004 0.25678732991218567 31
1761689588215 0.28167420625686646 32
1761689588402 0.42760181427001953 33
1761689588599 0.23303167521953583 34
1761689588822 0.37160632014274597 35
1761689589032 0.3766968250274658 36
1761689589254 0.22171945869922638 37
1761689589583 0.34106335043907166 38
1761689589780 0.293552041053772 39
1761689589991 0.3631221652030945 40
1761689590174 0.3891402781009674 41
1761689590630 0.3851810097694397 42
1761689590860 0.31278279423713684 43
1761689591049 0.3195701241493225 44
1761689591259 0.311085969209671 45
1761689591422 0.35803166031837463 46
1761689591626 0.3489818871021271 47
1761689591837 0.34106335043907166 48
1761689592048 0.2946832478046417 49
1761689592207 0.31674209237098694 50
1761689592421 0.32296380400657654 51
1761689592641 0.3382352888584137 52
1761689592855 0.39253392815589905 53
1761689593077 0.3133484125137329 54
1761689593317 0.2618778347969055 55
1761689593553 0.26923078298568726 56
1761689593819 0.3235294222831726 57
1761689594082 0.3563348352909088 58
1761689594331 0.3173076808452606 59
1761689594558 0.33880090713500977 60
1761689594787 0.3489818871021271 61
1761689595009 0.37160632014274597 62
1761689595266 0.3766968250274658 63
1761689595602 0.33088234066963196 64
1761689595932 0.33088234066963196 65
1761689596110 0.26753392815589905 66
1761689596325 0.39027148485183716 67
1761689596586 0.3591628968715668 68
1761689596775 0.3195701241493225 69
1761689596966 0.30656108260154724 70
1761689597158 0.3631221652030945 71
1761689597357 0.2890271544456482 72
1761689597677 0.3529411852359772 73
1761689598020 0.4021493196487427 74
1761689598224 0.2579185664653778 75
1761689598436 0.35124433040618896 76
1761689598619 0.35746607184410095 77
1761689598989 0.33936652541160583 78
1761689599194 0.35803166031837463 79
1761689599403 0.3320135772228241 80
1761689599592 0.2867647111415863 81
1761689599792 0.42760181427001953 82
1761689599993 0.3337104022502899 83
1761689600174 0.38461539149284363 84
1761689600371 0.2313348352909088 85
1761689600565 0.45757919549942017 86
1761689600749 0.25282806158065796 87
1761689600921 0.44570136070251465 88
1761689601080 0.2562217116355896 89
1761689601239 0.3263574540615082 90
1761689601407 0.3591628968715668 91
1761689601587 0.3093891441822052 92
1761689601791 0.33936652541160583 93
1761689601984 0.31674209237098694 94
1761689602200 0.30995476245880127 95
1761689602399 0.31617647409439087 96
1761689602608 0.3133484125137329 97
1761689602783 0.39875566959381104 98
1761689602941 0.37556561827659607 99
