1761689582542 4.793740989091021e+16 0
1761689582694 2.472275517374464e+16 1
1761689582874 1.618598690816e+16 2
1761689583035 1.63020315557888e+16 3
1761689583190 9105509982404608.0 4
1761689583326 7194582932520960.0 5
1761689583448 6703990293135360.0 6
1761689583615 4370785816805376.0 7
1761689583733 1.01487661285376e+16 8
1761689583852 9347369254518784.0 9
1761689583999 6524938475274240.0 10
1761689584122 1.2262568643002368e+16 11
1761689584237 1.0891445430910976e+16 12
1761689584354 3615950683242496.0 13
1761689584472 4334223565520896.0 14
1761689584642 4860250490404864.0 15
1761689584816 9767937820852224.0 16
1761689584978 1.0383489312489472e+16 17
1761689585167 1.253782021210112e+16 18
1761689585379 1.1770321367465984e+16 19
1761689585603 8818154121723904.0 20
1761689585804 4931607613931520.0 21
1761689586024 2150216052506624.0 22
1761689586234 5098864377856000.0 23
1761689586543 7402809926352896.0 24
1761689586732 8502326385967104.0 25
1761689586939 1.0743145578889216e+16 26
1761689587125 8748005494620160.0 27
1761689587329 8115775034359808.0 28
1761689587508 1.6095458661236736e+16 29
1761689587804 1.3066872136138752e+16 30
1761689588004 1.967821085789389e+16 31
1761689588215 9913057249591296.0 32
1761689588402 1.2093143994335232e+16 33
1761689588599 7741718816358400.0 34
1761689588822 1.1565231310372864e+16 35
1761689589032 8046473589555200.0 36
1761689589254 9520150420127744.0 37
1761689589583 7828020278591488.0 38
1761689589780 5184249401442304.0 39
1761689589991 9104810976477184.0 40
1761689590174 4511858312609792.0 41
1761689590630 7026605150961664.0 42
1761689590860 7421412503453696.0 43
1761689591049 9130169537134592.0 44
1761689591259 8250975772999680.0 45
1761689591422 9953626436927488.0 46
1761689591626 5156663900241920.0 47
1761689591837 4940672142409728.0 48
1761689592048 7568853898887168.0 49
1761689592207 4312312521424896.0 50
1761689592421 3644025542279168.0 51
1761689592641 6620823083286528.0 52
1761689592855 6523976939470848.0 53
1761689593077 8130812788604928.0 54
1761689593317 8446489126764544.0 55
1761689593553 8631587184836608.0 56
1761689593819 2714247800815616.0 57
1761689594082 4007431583563776.0 58
1761689594331 7866030739161088.0 59
1761689594558 7340057232932864.0 60
1761689594787 5578800666509312.0 61
1761689595009 5565079856611328.0 62
1761689595266 2460718565687296.0 63
1761689595602 6588921676824576.0 64
1761689595932 8970356488404992.0 65
1761689596110 8476436859977728.0 66
1761689596325 7665132033277952.0 67
1761689596586 5682176771227648.0 68
1761689596775 3578083567206400.0 69
1761689596966 3388510958518272.0 70
1761689597158 4972054931570688.0 71
1761689597357 8672952014864384.0 72
1761689597677 9093123296722944.0 73
1761689598020 7802511930949632.0 74
1761689598224 1.440439689281536e+16 75
1761689598436 5278230802071552.0 76
1761689598619 2711502242971648.0 77
1761689598989 5082510216134656.0 78
1761689599194 9125430040723456.0 79
1761689599403 8681252576034816.0 80
1761689599592 6806935290511360.0 81
1761689599792 8604751692300288.0 82
1761689599993 3744703065358336.0 83
1761689600174 8239791141289984.0 84
1761689600371 1.2352134817251328e+16 85
1761689600565 1.632233601368064e+16 86
1761689600749 1.715306321936384e+16 87
1761689600921 9311019872550912.0 88
1761689601080 9064766848892928.0 89
1761689601239 6802019700441088.0 90
1761689601407 5420954712801280.0 91
1761689601587 4905817409060864.0 92
1761689601791 4087348845346816.0 93
1761689601984 3928481763164160.0 94
1761689602200 9619534889615360.0 95
1761689602399 2914316235833344.0 96
1761689602608 4540092353871872.0 97
1761689602783 7343585548566528.0 98
1761689602941 5980483724771328.0 99
