1761680358208 0.3897058963775635 0
1761680358539 0.395361989736557 1
1761680358832 0.3727375566959381 2
1761680359130 0.38631221652030945 3
1761680359439 0.3812217116355896 4
1761680359692 0.38178732991218567 5
1761680359965 0.38235294818878174 6
1761680360242 0.4021493196487427 7
1761680360531 0.3959276080131531 8
1761680360879 0.38857465982437134 9
1761680361162 0.3874434530735016 10
1761680361457 0.38631221652030945 11
1761680361726 0.3908371031284332 12
1761680361980 0.38631221652030945 13
1761680362230 0.37386876344680786 14
1761680362481 0.4021493196487427 15
1761680362760 0.3857465982437134 16
1761680363017 0.3829185664653778 17
1761680363296 0.4038461446762085 18
1761680363576 0.37613123655319214 19
1761680363863 0.38461539149284363 20
1761680364111 0.3710407316684723 21
1761680364374 0.38461539149284363 22
1761680364629 0.3897058963775635 23
1761680364890 0.3868778347969055 24
1761680365153 0.3874434530735016 25
1761680365396 0.3795248866081238 26
1761680365650 0.36595022678375244 27
1761680365898 0.41685521602630615 28
1761680366137 0.38631221652030945 29
1761680366422 0.4162895977497101 30
1761680366700 0.39423078298568726 31
1761680366948 0.38235294818878174 32
1761680367214 0.3766968250274658 33
1761680367492 0.3930995464324951 34
1761680367758 0.3959276080131531 35
1761680368026 0.3891402781009674 36
1761680368282 0.37839367985725403 37
1761680368558 0.39875566959381104 38
1761680368831 0.39423078298568726 39
1761680369108 0.37782806158065796 40
1761680369355 0.3891402781009674 41
1761680369621 0.40441176295280457 42
1761680369905 0.38461539149284363 43
1761680370171 0.39196833968162537 44
1761680370479 0.4140271544456482 45
1761680370806 0.38235294818878174 46
1761680371062 0.4095022678375244 47
1761680371318 0.3998868763446808 48
1761680371646 0.40497738122940063 49
1761680372028 0.3812217116355896 50
1761680372426 0.38461539149284363 51
1761680372859 0.3670814335346222 52
1761680373241 0.4032805562019348 53
1761680373569 0.38631221652030945 54
1761680373856 0.4038461446762085 55
1761680374127 0.39479637145996094 56
1761680374538 0.39423078298568726 57
1761680374828 0.38235294818878174 58
1761680375132 0.37556561827659607 59
1761680375455 0.4078054428100586 60
1761680375841 0.3829185664653778 61
1761680376227 0.3806561231613159 62
1761680376587 0.38631221652030945 63
1761680376861 0.38631221652030945 64
1761680377136 0.3970588147640228 65
1761680377411 0.36764705181121826 66
1761680377666 0.4010181128978729 67
1761680377949 0.3908371031284332 68
1761680378249 0.37160632014274597 69
1761680378507 0.39196833968162537 70
1761680378787 0.37613123655319214 71
1761680379200 0.39819005131721497 72
1761680379465 0.40667420625686646 73
1761680379711 0.3795248866081238 74
1761680379958 0.40271493792533875 75
1761680380205 0.3834841549396515 76
1761680380464 0.3976244330406189 77
1761680380735 0.3959276080131531 78
1761680381001 0.40893664956092834 79
1761680381247 0.3891402781009674 80
1761680381504 0.42929863929748535 81
1761680381779 0.45757919549942017 82
1761680382050 0.4490950107574463 83
1761680382320 0.4304298758506775 84
1761680382621 0.4462669789791107 85
1761680382955 0.4123303294181824 86
1761680383222 0.42760181427001953 87
1761680383497 0.4383484125137329 88
1761680383794 0.42307692766189575 89
1761680384076 0.4281674325466156 90
1761680384417 0.42081448435783386 91
1761680384755 0.43552035093307495 92
1761680385102 0.42929863929748535 93
1761680385408 0.4383484125137329 94
1761680385730 0.4242081344127655 95
1761680386006 0.4304298758506775 96
1761680386253 0.4406108558177948 97
1761680386535 0.44174209237098694 98
1761680386784 0.4343891441822052 99
