1761680358208 3143038008295424.0 0
1761680358539 801544647737344.0 1
1761680358832 1243442826969088.0 2
1761680359130 1138291155927040.0 3
1761680359439 866253027672064.0 4
1761680359692 756185095471104.0 5
1761680359965 948987452456960.0 6
1761680360242 1000627857522688.0 7
1761680360531 753114260963328.0 8
1761680360879 665525449392128.0 9
1761680361162 698270884036608.0 10
1761680361457 383515145273344.0 11
1761680361726 440681529081856.0 12
1761680361980 425119788826624.0 13
1761680362230 319499899240448.0 14
1761680362481 292991293980672.0 15
1761680362760 332600052809728.0 16
1761680363017 292114617335808.0 17
1761680363296 214941504110592.0 18
1761680363576 299590679003136.0 19
1761680363863 338737695293440.0 20
1761680364111 257894029197312.0 21
1761680364374 308694633938944.0 22
1761680364629 179929769574400.0 23
1761680364890 182094131101696.0 24
1761680365153 139791354036224.0 25
1761680365396 128120585715712.0 26
1761680365650 218365566124032.0 27
1761680365898 119535080308736.0 28
1761680366137 92612983783424.0 29
1761680366422 68850842337280.0 30
1761680366700 48588080021504.0 31
1761680366948 69647567159296.0 32
1761680367214 101984099106816.0 33
1761680367492 95895613865984.0 34
1761680367758 88831382519808.0 35
1761680368026 113905368039424.0 36
1761680368282 83691791450112.0 37
1761680368558 51565012451328.0 38
1761680368831 64947396542464.0 39
1761680369108 62905160564736.0 40
1761680369355 36734888837120.0 41
1761680369621 43652873191424.0 42
1761680369905 45033671622656.0 43
1761680370171 24477173809152.0 44
1761680370479 42747096465408.0 45
1761680370806 34494119673856.0 46
1761680371062 36886676504576.0 47
1761680371318 18937930579968.0 48
1761680371646 17567368347648.0 49
1761680372028 20979927482368.0 50
1761680372426 22489411354624.0 51
1761680372859 28239137341440.0 52
1761680373241 19586317549568.0 53
1761680373569 16542006771712.0 54
1761680373856 32567052992512.0 55
1761680374127 22896716021760.0 56
1761680374538 34698248060928.0 57
1761680374828 23292318580736.0 58
1761680375132 35156540784640.0 59
1761680375455 20646694223872.0 60
1761680375841 13982971723776.0 61
1761680376227 15695919185920.0 62
1761680376587 10493274095616.0 63
1761680376861 19326476222464.0 64
1761680377136 19848172142592.0 65
1761680377411 13220289970176.0 66
1761680377666 4560266461184.0 67
1761680377949 2491404255232.0 68
1761680378249 2404852170752.0 69
1761680378507 10477273874432.0 70
1761680378787 25492845494272.0 71
1761680379200 14335625658368.0 72
1761680379465 6640560504832.0 73
1761680379711 2689686568960.0 74
1761680379958 1529080053760.0 75
1761680380205 5296067969024.0 76
1761680380464 3523926032384.0 77
1761680380735 855926571008.0 78
1761680381001 1059997024256.0 79
1761680381247 3153757995008.0 80
1761680381504 57298296832.0 81
1761680381779 16870299648.0 82
1761680382050 10822906880.0 83
1761680382320 7068267008.0 84
1761680382621 3483352832.0 85
1761680382955 2013117952.0 86
1761680383222 1464293120.0 87
1761680383497 1062694016.0 88
1761680383794 871619072.0 89
1761680384076 857450560.0 90
1761680384417 685034048.0 91
1761680384755 560189824.0 92
1761680385102 473336800.0 93
1761680385408 491506848.0 94
1761680385730 376662272.0 95
1761680386006 374935456.0 96
1761680386253 312895968.0 97
1761680386535 262283456.0 98
1761680386784 314021856.0 99
