1761679578862 0.3895927667617798 0
1761679578981 0.41266968846321106 1
1761679579098 0.39276018738746643 2
1761679579212 0.40045249462127686 3
1761679579327 0.39819005131721497 4
1761679579444 0.4058823585510254 5
1761679579556 0.40226244926452637 6
1761679579674 0.4040724039077759 7
1761679579794 0.3995475172996521 8
1761679579930 0.3868778347969055 9
1761679580054 0.4000000059604645 10
1761679580208 0.3773755729198456 11
1761679580376 0.4072398245334625 12
1761679580516 0.3828054368495941 13
1761679580650 0.3891402781009674 14
1761679580790 0.3936651647090912 15
1761679580943 0.4076923131942749 16
1761679581105 0.3918552100658417 17
1761679581261 0.41266968846321106 18
1761679581466 0.36742082238197327 19
1761679581626 0.3918552100658417 20
1761679581773 0.3855203688144684 21
1761679581911 0.4117647111415863 22
1761679582045 0.4099547564983368 23
1761679582172 0.38009050488471985 24
1761679582292 0.4000000059604645 25
1761679582413 0.37375566363334656 26
1761679582531 0.3769230842590332 27
1761679582646 0.3868778347969055 28
1761679582763 0.3828054368495941 29
1761679582878 0.40497738122940063 30
1761679582987 0.3959276080131531 31
1761679583103 0.39457014203071594 32
1761679583218 0.40045249462127686 33
1761679583329 0.4031674265861511 34
1761679583439 0.39004525542259216 35
1761679583552 0.4217194616794586 36
1761679583661 0.4117647111415863 37
1761679583770 0.38642534613609314 38
1761679583883 0.39276018738746643 39
1761679583995 0.4058823585510254 40
1761679584108 0.39864253997802734 41
1761679584219 0.3918552100658417 42
1761679584336 0.38597285747528076 43
1761679584446 0.4113122224807739 44
1761679584558 0.3990950286388397 45
1761679584670 0.3873303234577179 46
1761679584785 0.4036199152469635 47
1761679584900 0.39457014203071594 48
1761679585015 0.39638009667396545 49
1761679585136 0.39864253997802734 50
1761679585253 0.37963801622390747 51
1761679585372 0.39049774408340454 52
1761679585488 0.3895927667617798 53
1761679585603 0.405429869890213 54
1761679585717 0.38868778944015503 55
1761679585832 0.39276018738746643 56
1761679585943 0.4040724039077759 57
1761679586055 0.3954751193523407 58
1761679586166 0.405429869890213 59
1761679586278 0.39457014203071594 60
1761679586389 0.39276018738746643 61
1761679586500 0.39457014203071594 62
1761679586613 0.39411765336990356 63
1761679586725 0.405429869890213 64
1761679586836 0.38597285747528076 65
1761679586947 0.40859729051589966 66
1761679587057 0.41040724515914917 67
1761679587168 0.3877828121185303 68
1761679587283 0.39230769872665405 69
1761679587394 0.3990950286388397 70
1761679587503 0.3936651647090912 71
1761679587613 0.3918552100658417 72
1761679587725 0.36787331104278564 73
1761679587837 0.3959276080131531 74
1761679587946 0.4036199152469635 75
1761679588057 0.4117647111415863 76
1761679588167 0.41266968846321106 77
1761679588278 0.39683258533477783 78
1761679588390 0.39457014203071594 79
1761679588500 0.38461539149284363 80
1761679588700 0.4000000059604645 81
1761679588809 0.3769230842590332 82
1761679588920 0.3972850739955902 83
1761679589027 0.385067880153656 84
1761679589131 0.4000000059604645 85
1761679589240 0.3891402781009674 86
1761679589351 0.40045249462127686 87
1761679589462 0.37194570899009705 88
1761679589574 0.40497738122940063 89
1761679589686 0.401809960603714 90
1761679589797 0.39049774408340454 91
1761679589906 0.38371041417121887 92
1761679590017 0.37420815229415894 93
1761679590126 0.3895927667617798 94
1761679590239 0.40452489256858826 95
1761679590350 0.40678733587265015 96
1761679590458 0.38190045952796936 97
1761679590568 0.38597285747528076 98
1761679590681 0.3914027214050293 99
