1761679578862 7547716754210816.0 0
1761679578981 5073378578792448.0 1
1761679579098 5424240362782720.0 2
1761679579212 5222215301726208.0 3
1761679579327 4160371610877952.0 4
1761679579444 4452619707744256.0 5
1761679579556 7831872864256000.0 6
1761679579674 4890837100003328.0 7
1761679579794 3102562773368832.0 8
1761679579930 6351420722774016.0 9
1761679580054 6063383036035072.0 10
1761679580208 3256681232334848.0 11
1761679580376 3633895861911552.0 12
1761679580516 5630540526911488.0 13
1761679580650 3595913050193920.0 14
1761679580790 4393890861809664.0 15
1761679580943 3888149604335616.0 16
1761679581105 5537178138443776.0 17
1761679581261 4815638665101312.0 18
1761679581466 4399547065303040.0 19
1761679581626 3986085059231744.0 20
1761679581773 3193840223649792.0 21
1761679581911 3777600098926592.0 22
1761679582045 2867869385752576.0 23
1761679582172 2827234968600576.0 24
1761679582292 3235915065458688.0 25
1761679582413 3614317521928192.0 26
1761679582531 3288210318819328.0 27
1761679582646 4913217637711872.0 28
1761679582763 4371786544185344.0 29
1761679582878 3457323582357504.0 30
1761679582987 2886003811418112.0 31
1761679583103 3791921130504192.0 32
1761679583218 2556247496720384.0 33
1761679583329 2752698763968512.0 34
1761679583439 2022662771572736.0 35
1761679583552 1661989805883392.0 36
1761679583661 2279496447164416.0 37
1761679583770 2623225364217856.0 38
1761679583883 4011269673713664.0 39
1761679583995 2777682588729344.0 40
1761679584108 2329907552059392.0 41
1761679584219 3605328423813120.0 42
1761679584336 2673650696192000.0 43
1761679584446 3103228493299712.0 44
1761679584558 3213532380266496.0 45
1761679584670 1854634121494528.0 46
1761679584785 2249916738961408.0 47
1761679584900 2150178337325056.0 48
1761679585015 3685859597484032.0 49
1761679585136 2262959212462080.0 50
1761679585253 2499670160965632.0 51
1761679585372 2593434665746432.0 52
1761679585488 1651183936602112.0 53
1761679585603 2875794674155520.0 54
1761679585717 2744762201276416.0 55
1761679585832 3437810740625408.0 56
1761679585943 2018401358708736.0 57
1761679586055 2921197578747904.0 58
1761679586166 1934655938887680.0 59
1761679586278 2064649298116608.0 60
1761679586389 3006599513767936.0 61
1761679586500 2205475101736960.0 62
1761679586613 1822677283110912.0 63
1761679586725 2008783316320256.0 64
1761679586836 1530920691564544.0 65
1761679586947 1635356847898624.0 66
1761679587057 1490376334508032.0 67
1761679587168 1570988978339840.0 68
1761679587283 1504957480042496.0 69
1761679587394 1535789842300928.0 70
1761679587503 1537658018856960.0 71
1761679587613 1614678862069760.0 72
1761679587725 1848821151694848.0 73
1761679587837 1570033750769664.0 74
1761679587946 2130103257530368.0 75
1761679588057 1175821117030400.0 76
1761679588167 1607227228028928.0 77
1761679588278 2322423034675200.0 78
1761679588390 2281074042339328.0 79
1761679588500 2016608746733568.0 80
1761679588700 1747790904426496.0 81
1761679588809 2319090945359872.0 82
1761679588920 1447675232780288.0 83
1761679589027 1134797602684928.0 84
1761679589131 1140337707843584.0 85
1761679589240 1347877372690432.0 86
1761679589351 1429166071218176.0 87
1761679589462 1432594126209024.0 88
1761679589574 998372999692288.0 89
1761679589686 1277050409189376.0 90
1761679589797 1252639828344832.0 91
1761679589906 1440332315099136.0 92
1761679590017 1816388914118656.0 93
1761679590126 1284733300375552.0 94
1761679590239 1401067724079104.0 95
1761679590350 1430508516933632.0 96
1761679590458 979461856034816.0 97
1761679590568 2164569967427584.0 98
1761679590681 1233138260901888.0 99
