1761689120376 0.3489818871021271 0
1761689120524 0.3501131236553192 1
1761689120671 0.3054298758506775 2
1761689120818 0.3421945571899414 3
1761689120970 0.3274886906147003 4
1761689121113 0.3252262473106384 5
1761689121281 0.3569004535675049 6
1761689121457 0.3274886906147003 7
1761689121629 0.2997737526893616 8
1761689121789 0.3320135772228241 9
1761689121938 0.313914030790329 10
1761689122086 0.33880090713500977 11
1761689122237 0.3631221652030945 12
1761689122411 0.3399321138858795 13
1761689122557 0.34106335043907166 14
1761689122736 0.31278279423713684 15
1761689122883 0.36821267008781433 16
1761689123032 0.3156108558177948 17
1761689123185 0.2890271544456482 18
1761689123344 0.30260181427001953 19
1761689123492 0.34502261877059937 20
1761689123644 0.39027148485183716 21
1761689123792 0.3014705777168274 22
1761689123938 0.27997738122940063 23
1761689124090 0.3421945571899414 24
1761689124233 0.3014705777168274 25
1761689124371 0.334276020526886 26
1761689124509 0.3648189902305603 27
1761689124644 0.26923078298568726 28
1761689124782 0.2850678861141205 29
1761689124921 0.3382352888584137 30
1761689125052 0.3195701241493225 31
1761689125205 0.3501131236553192 32
1761689125340 0.3631221652030945 33
1761689125476 0.3076923191547394 34
1761689125609 0.31900453567504883 35
1761689125741 0.3506787419319153 36
1761689125867 0.3421945571899414 37
1761689125992 0.3252262473106384 38
1761689126121 0.31278279423713684 39
1761689126253 0.31617647409439087 40
1761689126383 0.3467194437980652 41
1761689126513 0.3320135772228241 42
1761689126642 0.31617647409439087 43
1761689126773 0.27375566959381104 44
1761689126902 0.3891402781009674 45
1761689127032 0.30656108260154724 46
1761689127163 0.33540722727775574 47
1761689127292 0.3212669789791107 48
1761689127421 0.27545249462127686 49
1761689127569 0.3908371031284332 50
1761689127704 0.33880090713500977 51
1761689127835 0.2641402781009674 52
1761689127967 0.37613123655319214 53
1761689128097 0.3263574540615082 54
1761689128228 0.31278279423713684 55
1761689128362 0.31843891739845276 56
1761689128504 0.33484163880348206 57
1761689128677 0.3489818871021271 58
1761689128824 0.3529411852359772 59
1761689128980 0.31617647409439087 60
1761689129136 0.3240950107574463 61
1761689129285 0.33257919549942017 62
1761689129452 0.3218325674533844 63
1761689129606 0.32861989736557007 64
1761689129762 0.3382352888584137 65
1761689129956 0.3240950107574463 66
1761689130126 0.3421945571899414 67
1761689130321 0.3444570004940033 68
1761689130502 0.35180994868278503 69
1761689130679 0.3337104022502899 70
1761689130848 0.34332579374313354 71
1761689131016 0.26357465982437134 72
1761689131168 0.3733031749725342 73
1761689131310 0.31447964906692505 74
1761689131455 0.3240950107574463 75
1761689131597 0.2975113093852997 76
1761689131732 0.3687782883644104 77
1761689131874 0.37217193841934204 78
1761689132016 0.26979637145996094 79
1761689132160 0.3365384638309479 80
1761689132315 0.3048642575740814 81
1761689132494 0.3540723919868469 82
1761689132672 0.3540723919868469 83
1761689132849 0.34954750537872314 84
1761689133036 0.28959277272224426 85
1761689133214 0.3998868763446808 86
1761689133399 0.3365384638309479 87
1761689133577 0.3365384638309479 88
1761689133735 0.34558823704719543 89
1761689133886 0.3218325674533844 90
1761689134029 0.35124433040618896 91
1761689134180 0.3133484125137329 92
1761689134328 0.3461538553237915 93
1761689134471 0.313914030790329 94
1761689134610 0.30429863929748535 95
1761689134844 0.3416289687156677 96
1761689134971 0.3563348352909088 97
1761689135102 0.3252262473106384 98
1761689135232 0.2890271544456482 99
