1761689120376 2.5739807724404736e+16 0
1761689120524 1.6334187975933952e+16 1
1761689120671 1.1121931629625344e+16 2
1761689120818 1.6210507950194688e+16 3
1761689120970 1.03444555759616e+16 4
1761689121113 9292874709467136.0 5
1761689121281 6226570318446592.0 6
1761689121457 5290908471787520.0 7
1761689121629 3805416454619136.0 8
1761689121789 7956829032153088.0 9
1761689121938 8943510258450432.0 10
1761689122086 8916387003105280.0 11
1761689122237 6907600197124096.0 12
1761689122411 5787949467697152.0 13
1761689122557 1.26011119239168e+16 14
1761689122736 7823387619491840.0 15
1761689122883 6860529503043584.0 16
1761689123032 6523462080266240.0 17
1761689123185 5222009143296000.0 18
1761689123344 4414833390780416.0 19
1761689123492 5467270566379520.0 20
1761689123644 4821895895580672.0 21
1761689123792 9792328940126208.0 22
1761689123938 2.2683917018464256e+16 23
1761689124090 1.4111978339434496e+16 24
1761689124233 1.0882715909881856e+16 25
1761689124371 7083198324408320.0 26
1761689124509 1.2226255768256512e+16 27
1761689124644 7655184352149504.0 28
1761689124782 6434431166316544.0 29
1761689124921 1.25624572182528e+16 30
1761689125052 1.2121869809352704e+16 31
1761689125205 1.0028664884297728e+16 32
1761689125340 8048722004934656.0 33
1761689125476 6494235364687872.0 34
1761689125609 4970965620490240.0 35
1761689125741 9214502293733376.0 36
1761689125867 8557083460894720.0 37
1761689125992 6122972486041600.0 38
1761689126121 2379160089526272.0 39
1761689126253 2967283114704896.0 40
1761689126383 6090037603074048.0 41
1761689126513 7062373638602752.0 42
1761689126642 7424319122571264.0 43
1761689126773 1.0683250112462848e+16 44
1761689126902 1.1334197503328256e+16 45
1761689127032 5155668541571072.0 46
1761689127163 4352196661477376.0 47
1761689127292 6641558111649792.0 48
1761689127421 6982226327633920.0 49
1761689127569 9233450615701504.0 50
1761689127704 7324875597283328.0 51
1761689127835 1.1667904651067392e+16 52
1761689127967 5865552547414016.0 53
1761689128097 6953476890296320.0 54
1761689128228 3569639124631552.0 55
1761689128362 3791437678247936.0 56
1761689128504 2127352465195008.0 57
1761689128677 3735959317250048.0 58
1761689128824 6152322145058816.0 59
1761689128980 3413438411833344.0 60
1761689129136 5153685877293056.0 61
1761689129285 4282956688392192.0 62
1761689129452 5424359548125184.0 63
1761689129606 5271121020583936.0 64
1761689129762 5243755636457472.0 65
1761689129956 4099963701166080.0 66
1761689130126 3627824120332288.0 67
1761689130321 3914297365233664.0 68
1761689130502 7255645556310016.0 69
1761689130679 6571185609375744.0 70
1761689130848 5626287435546624.0 71
1761689131016 1.3050351544434688e+16 72
1761689131168 9601863246675968.0 73
1761689131310 1.0997420527714304e+16 74
1761689131455 8778637201375232.0 75
1761689131597 5012395411898368.0 76
1761689131732 4735763010813952.0 77
1761689131874 5466351443378176.0 78
1761689132016 8352740191240192.0 79
1761689132160 6097744921886720.0 80
1761689132315 8762496714276864.0 81
1761689132494 5418249420275712.0 82
1761689132672 5631148264783872.0 83
1761689132849 5105474869395456.0 84
1761689133036 1.1830828866732032e+16 85
1761689133214 1.0046899167952896e+16 86
1761689133399 3194074836238336.0 87
1761689133577 6949215745867776.0 88
1761689133735 9717101514194944.0 89
1761689133886 3253748574978048.0 90
1761689134029 2819685489836032.0 91
1761689134180 5934888888827904.0 92
1761689134328 1625860540989440.0 93
1761689134471 3198224848388096.0 94
1761689134610 2447035873624064.0 95
1761689134844 4915872464371712.0 96
1761689134971 5251098956791808.0 97
1761689135102 3724363710857216.0 98
1761689135232 6122675059556352.0 99
