1761689029424 0.32918551564216614 0
1761689029584 0.3484162986278534 1
1761689029745 0.3427601754665375 2
1761689029891 0.3212669789791107 3
1761689030056 0.34332579374313354 4
1761689030201 0.26696833968162537 5
1761689030357 0.35350677371025085 6
1761689030506 0.3252262473106384 7
1761689030653 0.3416289687156677 8
1761689030816 0.3467194437980652 9
1761689030965 0.2986425459384918 10
1761689031104 0.34954750537872314 11
1761689031267 0.3195701241493225 12
1761689031415 0.3274886906147003 13
1761689031581 0.3642534017562866 14
1761689031719 0.30995476245880127 15
1761689031857 0.33314478397369385 16
1761689031994 0.3240950107574463 17
1761689032155 0.31843891739845276 18
1761689032293 0.3461538553237915 19
1761689032434 0.31504523754119873 20
1761689032572 0.3438914120197296 21
1761689032719 0.334276020526886 22
1761689032860 0.30656108260154724 23
1761689033019 0.31843891739845276 24
1761689033153 0.2782805562019348 25
1761689033292 0.37556561827659607 26
1761689033432 0.2828054428100586 27
1761689033591 0.32296380400657654 28
1761689033753 0.3608597218990326 29
1761689033911 0.3280543088912964 30
1761689034085 0.31278279423713684 31
1761689034287 0.3602941036224365 32
1761689034502 0.3173076808452606 33
1761689034682 0.36821267008781433 34
1761689034882 0.34332579374313354 35
1761689035072 0.35576921701431274 36
1761689035243 0.3156108558177948 37
1761689035406 0.35124433040618896 38
1761689035561 0.33257919549942017 39
1761689035713 0.25056561827659607 40
1761689035873 0.3733031749725342 41
1761689036024 0.33484163880348206 42
1761689036178 0.32070136070251465 43
1761689036332 0.35972851514816284 44
1761689036494 0.28563347458839417 45
1761689036644 0.39875566959381104 46
1761689036809 0.3093891441822052 47
1761689036956 0.3235294222831726 48
1761689037103 0.3257918655872345 49
1761689037244 0.2833710312843323 50
1761689037391 0.35746607184410095 51
1761689037533 0.32239818572998047 52
1761689037685 0.3093891441822052 53
1761689037863 0.3252262473106384 54
1761689038010 0.3399321138858795 55
1761689038157 0.3648189902305603 56
1761689038308 0.27149322628974915 57
1761689038462 0.3320135772228241 58
1761689038606 0.37217193841934204 59
1761689038754 0.2975113093852997 60
1761689038902 0.28619909286499023 61
1761689039051 0.3704751133918762 62
1761689039202 0.29015836119651794 63
1761689039345 0.28959277272224426 64
1761689039489 0.3812217116355896 65
1761689039634 0.33314478397369385 66
1761689039779 0.31900453567504883 67
1761689039918 0.3467194437980652 68
1761689040193 0.375 69
1761689040330 0.29638010263442993 70
1761689040470 0.3257918655872345 71
1761689040653 0.3399321138858795 72
1761689040818 0.334276020526886 73
1761689040991 0.3252262473106384 74
1761689041221 0.3037330210208893 75
1761689041445 0.3257918655872345 76
1761689041648 0.33257919549942017 77
1761689041886 0.3529411852359772 78
1761689042088 0.3461538553237915 79
1761689042258 0.3093891441822052 80
1761689042447 0.3625565469264984 81
1761689042639 0.3274886906147003 82
1761689042835 0.3133484125137329 83
1761689043023 0.3733031749725342 84
1761689043221 0.28959277272224426 85
1761689043435 0.31447964906692505 86
1761689043608 0.32918551564216614 87
1761689043783 0.38178732991218567 88
1761689043985 0.3048642575740814 89
1761689044194 0.2969456911087036 90
1761689044388 0.3399321138858795 91
1761689044595 0.3337104022502899 92
1761689044810 0.3320135772228241 93
1761689045035 0.3201357424259186 94
1761689045224 0.311085969209671 95
1761689045410 0.3569004535675049 96
1761689045575 0.3252262473106384 97
1761689045767 0.3178732991218567 98
1761689045983 0.3506787419319153 99
