1761689029424 4.30657444511744e+16 0
1761689029584 2.4807509910880256e+16 1
1761689029745 1.4739684588519424e+16 2
1761689029891 1.5856776591179776e+16 3
1761689030056 1.6064990163238912e+16 4
1761689030201 1.945366996765901e+16 5
1761689030357 1.0514001557454848e+16 6
1761689030506 1.4061790572838912e+16 7
1761689030653 1.1060035782180864e+16 8
1761689030816 1.328706651947008e+16 9
1761689030965 1.4072174730018816e+16 10
1761689031104 6861801887105024.0 11
1761689031267 4427108675747840.0 12
1761689031415 6554981234638848.0 13
1761689031581 9099163094482944.0 14
1761689031719 7175250210979840.0 15
1761689031857 5968267764039680.0 16
1761689031994 3855930638729216.0 17
1761689032155 1.0089569668038656e+16 18
1761689032293 1.3817619534577664e+16 19
1761689032434 1.486495160467456e+16 20
1761689032572 1.17837259603968e+16 21
1761689032719 1.0661162169401344e+16 22
1761689032860 8356389302829056.0 23
1761689033019 3871550092607488.0 24
1761689033153 1.4235936464306176e+16 25
1761689033292 1.575602310086656e+16 26
1761689033432 1.492600993349632e+16 27
1761689033591 1.43467745378304e+16 28
1761689033753 1.1457918331256832e+16 29
1761689033911 8927198509531136.0 30
1761689034085 7588902269353984.0 31
1761689034287 8354151087996928.0 32
1761689034502 6147357699735552.0 33
1761689034682 1.2611122418941952e+16 34
1761689034882 1.1109109004763136e+16 35
1761689035072 3724964469407744.0 36
1761689035243 3214989984792576.0 37
1761689035406 7129704230289408.0 38
1761689035561 9452599174496256.0 39
1761689035713 8843555095183360.0 40
1761689035873 9999206777356288.0 41
1761689036024 8134344325464064.0 42
1761689036178 8805371762180096.0 43
1761689036332 9759624911650816.0 44
1761689036494 1.165290662526976e+16 45
1761689036644 1.7828214898425856e+16 46
1761689036809 2.3950079819776e+16 47
1761689036956 1.5413079625957376e+16 48
1761689037103 9738273555480576.0 49
1761689037244 1.5640372516487168e+16 50
1761689037391 1.2709834726047744e+16 51
1761689037533 1.1484673830027264e+16 52
1761689037685 3594967352082432.0 53
1761689037863 3671689158197248.0 54
1761689038010 5045079039279104.0 55
1761689038157 5107450017480704.0 56
1761689038308 1.3721016056414208e+16 57
1761689038462 1.2322847435259904e+16 58
1761689038606 1.3075497504210944e+16 59
1761689038754 1.0483536280682496e+16 60
1761689038902 8678905913278464.0 61
1761689039051 6150468329799680.0 62
1761689039202 8918331012677632.0 63
1761689039345 1.0376078346420224e+16 64
1761689039489 1.1246231204397056e+16 65
1761689039634 6084706474917888.0 66
1761689039779 6544534263562240.0 67
1761689039918 7864698225557504.0 68
1761689040193 1.1160813968556032e+16 69
1761689040330 9499876027006976.0 70
1761689040470 9742616841158656.0 71
1761689040653 2324767013076992.0 72
1761689040818 5651013562269696.0 73
1761689040991 6565388477267968.0 74
1761689041221 3673372516941824.0 75
1761689041445 1829437293199360.0 76
1761689041648 3891536722919424.0 77
1761689041886 8845301536260096.0 78
1761689042088 1.067894226026496e+16 79
1761689042258 5982594701197312.0 80
1761689042447 7821458642305024.0 81
1761689042639 5425920768737280.0 82
1761689042835 7020534214688768.0 83
1761689043023 5611098283704320.0 84
1761689043221 1.0872931974381568e+16 85
1761689043435 7463613241491456.0 86
1761689043608 7234645313716224.0 87
1761689043783 1.2129199171043328e+16 88
1761689043985 6739080175943680.0 89
1761689044194 8389514774970368.0 90
1761689044388 6184821088845824.0 91
1761689044595 8250729886121984.0 92
1761689044810 6254213801705472.0 93
1761689045035 4638194775621632.0 94
1761689045224 6692620977831936.0 95
1761689045410 1960825979928576.0 96
1761689045575 2149168080486400.0 97
1761689045767 4109418266361856.0 98
1761689045983 3866201784582144.0 99
