1761689210784 0.31843891739845276 0
1761689211300 0.35972851514816284 1
1761689211937 0.3467194437980652 2
1761689212289 0.3563348352909088 3
1761689212647 0.3212669789791107 4
1761689212976 0.31221720576286316 5
1761689213314 0.3851810097694397 6
1761689213661 0.3071267008781433 7
1761689213985 0.3416289687156677 8
1761689214370 0.3257918655872345 9
1761689214737 0.33088234066963196 10
1761689215074 0.28789591789245605 11
1761689215419 0.32296380400657654 12
1761689215755 0.3048642575740814 13
1761689216108 0.3116515874862671 14
1761689216442 0.2890271544456482 15
1761689217150 0.3993212580680847 16
1761689217532 0.290723979473114 17
1761689217910 0.32861989736557007 18
1761689218268 0.3665158450603485 19
1761689218683 0.3235294222831726 20
1761689219137 0.3382352888584137 21
1761689219616 0.33936652541160583 22
1761689220089 0.35124433040618896 23
1761689220479 0.3704751133918762 24
1761689221162 0.29581448435783386 25
1761689221494 0.2975113093852997 26
1761689221856 0.34558823704719543 27
1761689222240 0.36595022678375244 28
1761689222698 0.29411765933036804 29
1761689223231 0.334276020526886 30
1761689223656 0.3670814335346222 31
1761689224063 0.3116515874862671 32
1761689224430 0.31221720576286316 33
1761689224804 0.33710408210754395 34
1761689225215 0.3173076808452606 35
1761689225650 0.3569004535675049 36
1761689226046 0.3093891441822052 37
1761689226419 0.3235294222831726 38
1761689226762 0.33484163880348206 39
1761689227097 0.3201357424259186 40
1761689227404 0.3280543088912964 41
1761689227727 0.3382352888584137 42
1761689228085 0.32861989736557007 43
1761689228433 0.2946832478046417 44
1761689228782 0.3772624433040619 45
1761689229242 0.3031674325466156 46
1761689229580 0.30995476245880127 47
1761689229879 0.3297511339187622 48
1761689230200 0.32239818572998047 49
1761689230534 0.30825790762901306 50
1761689230962 0.3857465982437134 51
1761689231303 0.31221720576286316 52
1761689231616 0.2992081344127655 53
1761689231995 0.31900453567504883 54
1761689232348 0.31447964906692505 55
1761689232718 0.33314478397369385 56
1761689233074 0.32070136070251465 57
1761689233460 0.3263574540615082 58
1761689234096 0.3320135772228241 59
