1761689210784 1.1927159614472192e+16 0
1761689211300 7760448094994432.0 1
1761689211937 4799688767176704.0 2
1761689212289 3911031847911424.0 3
1761689212647 4044770150187008.0 4
1761689212976 5433673721577472.0 5
1761689213314 6668692641284096.0 6
1761689213661 6605617825316864.0 7
1761689213985 7258238642814976.0 8
1761689214370 3774892927352832.0 9
1761689214737 3091127959814144.0 10
1761689215074 2862640799940608.0 11
1761689215419 3158988711526400.0 12
1761689215755 4254350595588096.0 13
1761689216108 7680380777791488.0 14
1761689216442 7719158963765248.0 15
1761689217150 5317586124275712.0 16
1761689217532 4043187186302976.0 17
1761689217910 3754302048829440.0 18
1761689218268 2431704182554624.0 19
1761689218683 2054332249800704.0 20
1761689219137 3495155264913408.0 21
1761689219616 1464539958738944.0 22
1761689220089 1329248891568128.0 23
1761689220479 3100464144973824.0 24
1761689221162 3368145297342464.0 25
1761689221494 2355279802925056.0 26
1761689221856 3798470955630592.0 27
1761689222240 4944275083100160.0 28
1761689222698 2903370243244032.0 29
1761689223231 2473914584268800.0 30
1761689223656 2891729002823680.0 31
1761689224063 1824003220045824.0 32
1761689224430 1236193861697536.0 33
1761689224804 1109302207053824.0 34
1761689225215 1127175109476352.0 35
1761689225650 1179624310571008.0 36
1761689226046 1618815855099904.0 37
1761689226419 2104143267233792.0 38
1761689226762 1129715985285120.0 39
1761689227097 1009682185453568.0 40
1761689227404 1078937862012928.0 41
1761689227727 1433007651028992.0 42
1761689228085 1083509988917248.0 43
1761689228433 1983430661242880.0 44
1761689228782 1668706195210240.0 45
1761689229242 2163572863926272.0 46
1761689229580 1241518547402752.0 47
1761689229879 916034517204992.0 48
1761689230200 1578498460221440.0 49
1761689230534 1600607072813056.0 50
1761689230962 2697414481805312.0 51
1761689231303 1010891822727168.0 52
1761689231616 1498554220675072.0 53
1761689231995 1711023031582720.0 54
1761689232348 1103164698787840.0 55
1761689232718 659929912311808.0 56
1761689233074 700486080528384.0 57
1761689233460 1147418632519680.0 58
1761689234096 702405863800832.0 59
