1761689605699 0.36199095845222473 0
1761689606023 0.3585972785949707 1
1761689606354 0.29411765933036804 2
1761689606739 0.35746607184410095 3
1761689607048 0.3687782883644104 4
1761689607373 0.2884615361690521 5
1761689607723 0.27771493792533875 6
1761689608068 0.3506787419319153 7
1761689608416 0.3727375566959381 8
1761689608794 0.2969456911087036 9
1761689609125 0.32918551564216614 10
1761689609447 0.3563348352909088 11
1761689609764 0.24434389173984528 12
1761689610141 0.3337104022502899 13
1761689610441 0.33936652541160583 14
1761689610911 0.26696833968162537 15
1761689611315 0.3506787419319153 16
1761689611624 0.31504523754119873 17
1761689611946 0.32692307233810425 18
1761689612219 0.25678732991218567 19
1761689612626 0.3523755669593811 20
1761689612938 0.2845022678375244 21
1761689613332 0.4219456911087036 22
1761689613928 0.3133484125137329 23
1761689614255 0.30260181427001953 24
1761689614583 0.354638010263443 25
1761689614902 0.3665158450603485 26
1761689615179 0.30995476245880127 27
1761689615493 0.3337104022502899 28
1761689615795 0.3054298758506775 29
1761689616085 0.2822398245334625 30
1761689616429 0.3218325674533844 31
1761689616884 0.2477375566959381 32
1761689617500 0.35746607184410095 33
1761689617853 0.3976244330406189 34
1761689618578 0.2912895977497101 35
1761689618894 0.3444570004940033 36
1761689619253 0.3467194437980652 37
1761689619578 0.3337104022502899 38
1761689619919 0.28393664956092834 39
1761689620245 0.27941176295280457 40
1761689620596 0.37839367985725403 41
1761689620921 0.26131221652030945 42
1761689621253 0.42760181427001953 43
1761689621575 0.26923078298568726 44
1761689621931 0.21832579374313354 45
1761689622277 0.33088234066963196 46
1761689622625 0.38404977321624756 47
1761689622940 0.313914030790329 48
1761689623225 0.3093891441822052 49
1761689623508 0.3529411852359772 50
1761689623817 0.3382352888584137 51
1761689624111 0.3642534017562866 52
1761689624440 0.32918551564216614 53
1761689624781 0.39423078298568726 54
1761689625114 0.2335972785949707 55
1761689625466 0.42929863929748535 56
1761689625822 0.2624434530735016 57
1761689626102 0.3054298758506775 58
1761689626473 0.3670814335346222 59
