1761689605699 1.4702896046145536e+16 0
1761689606023 7615467715821568.0 1
1761689606354 4518926755037184.0 2
1761689606739 2797060138991616.0 3
1761689607048 2050182908739584.0 4
1761689607373 4609353533358080.0 5
1761689607723 5828879432286208.0 6
1761689608068 3071302659211264.0 7
1761689608416 2279917622394880.0 8
1761689608794 3162782509826048.0 9
1761689609125 2743087164030976.0 10
1761689609447 2273623616258048.0 11
1761689609764 3366173102047232.0 12
1761689610141 3616641099235328.0 13
1761689610441 3077355878744064.0 14
1761689610911 1977899951325184.0 15
1761689611315 1875032800231424.0 16
1761689611624 2005372172763136.0 17
1761689611946 2459210495295488.0 18
1761689612219 3389395721781248.0 19
1761689612626 3459279671525376.0 20
1761689612938 3149341678108672.0 21
1761689613332 5204360048934912.0 22
1761689613928 2382021611487232.0 23
1761689614255 1440636184035328.0 24
1761689614583 1597126136037376.0 25
1761689614902 1511429056233472.0 26
1761689615179 2802812442378240.0 27
1761689615493 2884346222477312.0 28
1761689615795 2902233955958784.0 29
1761689616085 3292222086709248.0 30
1761689616429 1351900951740416.0 31
1761689616884 3064681967124480.0 32
1761689617500 2605434535936000.0 33
1761689617853 864038032506880.0 34
1761689618578 2113482942054400.0 35
1761689618894 2169142228549632.0 36
1761689619253 1918727381581824.0 37
1761689619578 2869987609935872.0 38
1761689619919 3553166314438656.0 39
1761689620245 3153916086714368.0 40
1761689620596 3581675233607680.0 41
1761689620921 3032384349929472.0 42
1761689621253 2602999826350080.0 43
1761689621575 2321401369329664.0 44
1761689621931 4806800159277056.0 45
1761689622277 3548455003750400.0 46
1761689622625 1237820312125440.0 47
1761689622940 711241483943936.0 48
1761689623225 1359072204947456.0 49
1761689623508 1580134976978944.0 50
1761689623817 2574983754678272.0 51
1761689624111 2414033881792512.0 52
1761689624440 558489730547712.0 53
1761689624781 1596471958831104.0 54
1761689625114 1788945549492224.0 55
1761689625466 1785762039201792.0 56
1761689625822 1923840137494528.0 57
1761689626102 1501535867502592.0 58
1761689626473 829076596064256.0 59
